6.38762432341 -9.88853380741 30.2657932 120.1194826 -0.1 -0.13 -0.35 1 -1 946689082646
6.46697974134 -9.84372549347 30.2657936 120.1194828 -0.13 -0.14 -0.5 1 -1 946689082749
6.46697974134 -9.84372549347 30.2657936 120.1194828 -0.13 -0.14 -0.5 1 -1 946689082846
6.46697974134 -9.84372549347 30.2657936 120.1194828 -0.13 -0.14 -0.5 1 -1 946689082946
6.48547279246 -9.89136573489 30.2657938 120.1194826 -0.06 -0.26 -0.72 1 -1 946689083049
6.48547279246 -9.89136573489 30.2657938 120.1194826 -0.06 -0.26 -0.72 1 -1 946689083146
6.56459582152 -9.94819922135 30.2657944 120.119482 0.22 -0.55 -0.8 1 -1 946689083250
6.56459582152 -9.94819922135 30.2657944 120.119482 0.22 -0.55 -0.8 1 -1 946689083349
6.56459582152 -9.94819922135 30.2657944 120.119482 0.22 -0.55 -0.8 1 -1 946689083444
6.7549709139 -10.1125888082 30.2657961 120.1194803 0.65 -0.93 -0.82 1 -1 946689083553
6.7549709139 -10.1125888082 30.2657961 120.1194803 0.65 -0.93 -0.82 1 -1 946689083651
7.07363070191 -10.2836750669 30.2657989 120.1194777 1.01 -1.22 -0.8 1 -1 946689083749
7.07363070191 -10.2836750669 30.2657989 120.1194777 1.01 -1.22 -0.8 1 -1 946689083847
7.07363070191 -10.2836750669 30.2657989 120.1194777 1.01 -1.22 -0.8 1 -1 946689083944
7.07363070191 -10.2836750669 30.2657989 120.1194777 1.01 -1.22 -0.8 1 -1 946689084047
7.39233441154 -10.3971985221 30.2658022 120.1194748 1.21 -1.36 -0.82 1 -1 946689084147
7.39233441154 -10.3971985221 30.2658022 120.1194748 1.21 -1.36 -0.82 1 -1 946689084244
7.64135777044 -10.4344057811 30.2658056 120.1194718 1.25 -1.41 -0.72 1 -1 946689084346
7.64135777044 -10.4344057811 30.2658056 120.1194718 1.25 -1.41 -0.72 1 -1 946689084447
