120.1191062 30.2641494
0.16 0.09 0.0
120.1191061 30.2641493
0.12 0.1 -0.01
120.1191061 30.2641493
0.12 0.1 -0.01
120.1191062 30.2641493
0.13 0.24 -0.05
120.1191062 30.2641493
0.13 0.24 -0.05
120.1191062 30.2641493
0.13 0.24 -0.05
120.1191071 30.2641492
0.08 0.57 -0.05
120.1191071 30.2641492
0.08 0.57 -0.05
120.1191091 30.2641491
0.07 0.93 -0.12
120.1191091 30.2641491
0.07 0.93 -0.12
120.1191091 30.2641491
0.07 0.93 -0.12
120.119112 30.264149
0.08 1.22 -0.07
120.119112 30.264149
0.08 1.22 -0.07
120.1191153 30.2641489
0.07 1.36 -0.2
120.1191153 30.2641489
0.07 1.36 -0.2
120.1191153 30.2641489
0.07 1.36 -0.2
120.119119 30.264149
0.1 1.39 -0.15
120.119119 30.264149
0.1 1.39 -0.15
120.1191222 30.2641492
0.09 1.33 -0.19
120.1191222 30.2641492
0.09 1.33 -0.19
120.1191222 30.2641492
0.09 1.33 -0.19
120.1191252 30.2641494
0.08 1.25 -0.14
120.1191252 30.2641494
0.08 1.25 -0.14
120.119128 30.2641495
0.04 1.21 -0.06
120.119128 30.2641495
0.04 1.21 -0.06
120.119128 30.2641495
0.04 1.21 -0.06
120.1191309 30.2641493
0.0 1.22 0.0
120.1191309 30.2641493
0.0 1.22 0.0
120.1191309 30.2641493
0.0 1.22 0.0
120.1191338 30.2641492
0.0 1.21 0.02
120.1191338 30.2641492
0.0 1.21 0.02
120.1191365 30.2641488
0.03 1.24 0.0
120.1191365 30.2641488
0.03 1.24 0.0
120.1191393 30.2641487
0.06 1.27 -0.07
120.1191393 30.2641487
0.06 1.27 -0.07
120.1191393 30.2641487
0.06 1.27 -0.07
120.1191424 30.2641488
0.07 1.27 -0.04
120.1191424 30.2641488
0.07 1.27 -0.04
120.1191454 30.2641489
0.13 1.27 0.0
120.1191454 30.2641489
0.13 1.27 0.0
120.1191454 30.2641489
0.13 1.27 0.0
120.1191488 30.2641491
0.13 1.22 -0.02
120.1191488 30.2641491
0.13 1.22 -0.02
120.1191513 30.2641492
0.11 1.14 -0.03
120.1191513 30.2641492
0.11 1.14 -0.03
120.1191513 30.2641492
0.11 1.14 -0.03
120.1191542 30.2641493
0.09 1.12 0.0
120.1191542 30.2641493
0.09 1.12 0.0
120.1191542 30.2641493
0.09 1.12 0.0
120.1191568 30.2641493
0.09 1.08 -0.05
120.1191568 30.2641493
0.09 1.08 -0.05
120.1191591 30.2641489
0.04 1.06 0.01
120.1191591 30.2641489
0.04 1.06 0.01
120.1191613 30.2641486
0.04 1.04 -0.08
120.1191613 30.2641486
0.04 1.04 -0.08
120.1191613 30.2641486
0.04 1.04 -0.08
120.1191637 30.2641481
0.03 1.04 -0.08
120.1191637 30.2641481
0.03 1.04 -0.08
120.1191637 30.2641481
0.03 1.04 -0.08
120.1191663 30.2641478
0.09 1.07 -0.04
120.1191663 30.2641478
0.09 1.07 -0.04
120.1191691 30.2641476
0.14 1.11 0.0
120.1191691 30.2641476
0.14 1.11 0.0
120.1191691 30.2641476
0.14 1.11 0.0
120.1191718 30.2641473
0.12 1.1 0.01
120.1191718 30.2641473
0.12 1.1 0.01
120.1191745 30.2641471
0.15 1.08 -0.03
120.1191745 30.2641471
0.15 1.08 -0.03
120.1191745 30.2641471
0.15 1.08 -0.03
120.1191768 30.2641469
0.15 1.07 -0.05
120.1191768 30.2641469
0.15 1.07 -0.05
120.1191791 30.2641467
0.16 1.06 0.01
120.1191791 30.2641467
0.16 1.06 0.01
120.1191791 30.2641467
0.16 1.06 0.01
120.1191817 30.2641467
0.17 1.08 0.06
120.1191817 30.2641467
0.17 1.08 0.06
120.1191817 30.2641467
0.17 1.08 0.06
120.1191843 30.2641466
0.16 1.07 -0.15
120.1191843 30.2641466
0.16 1.07 -0.15
120.119187 30.2641465
0.16 1.07 -0.09
120.119187 30.2641465
0.16 1.07 -0.09
120.119187 30.2641465
0.16 1.07 -0.09
120.1191896 30.2641464
0.16 1.08 -0.03
120.1191896 30.2641464
0.16 1.08 -0.03
120.1191923 30.2641464
0.2 1.09 -0.06
120.1191923 30.2641464
0.2 1.09 -0.06
120.1191923 30.2641464
0.2 1.09 -0.06
120.1191949 30.2641465
0.24 1.09 -0.07
120.1191949 30.2641465
0.24 1.09 -0.07
120.1191975 30.2641466
0.23 1.08 -0.01
120.1191975 30.2641466
0.23 1.08 -0.01
120.1192003 30.2641467
0.24 1.09 -0.02
120.1192003 30.2641467
0.24 1.09 -0.02
120.1192003 30.2641467
0.24 1.09 -0.02
120.1192031 30.2641469
0.24 1.09 -0.03
120.1192031 30.2641469
0.24 1.09 -0.03
120.1192059 30.2641471
0.25 1.08 -0.05
120.1192059 30.2641471
0.25 1.08 -0.05
120.1192059 30.2641471
0.25 1.08 -0.05
120.1192085 30.2641475
0.23 1.06 -0.07
