0.284140560081 0.65418407964 30.265657 120.1195187 0.15 0.11 0.12 1356998912303
0.279135360133 0.644669759736 30.265657 120.1195187 0.15 0.11 0.12 1356998913304
0.275950930167 0.644993739732 30.2656569 120.1195187 0.16 0.16 0.12 1356998914304
0.271279689916 0.679833440247 30.265657 120.1195201 0.3 0.6 0.17 1356998915305
0.278137259822 0.712926540019 30.2656574 120.1195216 0.37 0.78 0.14 1356998916306
0.282676939805 0.74862794032 30.265658 120.1195235 0.44 0.9 0.04 1356998917303
0.282676939805 0.74862794032 30.265658 120.1195235 0.44 0.9 0.04 1356998918303
0.307156499846 0.792756300276 30.2656596 120.119527 0.51 0.92 0.02 1356998919304
0.315288959946 0.810743040188 30.2656604 120.1195289 0.5 0.89 0.04 1356998920305
0.321515779914 0.820137710009 30.2656611 120.1195306 0.46 0.87 0.14 1356998921305
0.321494940019 0.828568260007 30.2656616 120.1195323 0.42 0.85 0.09 1356998922308
0.317472059868 0.832426740046 30.2656621 120.119534 0.41 0.85 0.05 1356998923305
0.307251269822 0.820831859945 30.2656631 120.1195373 0.45 0.84 -0.03 1356998924304
0.299000129884 0.802909439953 30.2656637 120.1195391 0.45 0.86 0.07 1356998925303
0.293062139974 0.787479899982 30.2656642 120.1195408 0.46 0.87 0.15 1356998926304
0.276133839956 0.753918049937 30.2656648 120.1195429 0.49 0.89 0.11 1356998927305
0.258608079824 0.71035383974 30.2656654 120.1195449 0.5 0.9 -0.03 1356998928304
0.239423460054 0.653366430015 30.2656662 120.1195469 0.5 0.91 0.03 1356998929305
0.212734760016 0.585020589973 30.2656668 120.1195489 0.52 0.91 0.04 1356998930304
0.182784599968 0.500626709948 30.2656676 120.119551 0.51 0.88 0.07 1356998931304
0.151398280117 0.411513410218 30.2656684 120.1195528 0.52 0.88 0.13 1356998932305
0.115466859798 0.314855509479 30.265669 120.1195546 0.5 0.88 0.02 1356998933307
0.0751458604665 0.204501421189 30.2656697 120.1195566 0.49 0.9 0.02 1356998934305
0.0214990196879 0.0590963391576 30.2656704 120.1195586 0.5 0.91 0.05 1356998935305
-0.0275664601328 -0.0759695403774 30.265671 120.1195605 0.5 0.91 0.03 1356998936303
-0.0849398400393 -0.239089920097 30.2656714 120.1195625 0.49 0.93 0.13 1356998937304
-0.147498999836 -0.421713049555 30.2656719 120.1195646 0.48 0.93 0.09 1356998938304
-0.22015615998 -0.640811679981 30.2656724 120.1195667 0.5 0.96 0.11 1356998939307
-0.295562190131 -0.859817280301 30.2656731 120.1195686 0.5 0.95 0.08 1356998940305
-0.383855919547 -1.11931095874 30.2656738 120.1195707 0.52 0.94 0.0 1356998941305
-0.47977475983 -1.40982992936 30.2656745 120.1195727 0.51 0.96 0.03 1356998942304
-0.571826009655 -1.69480961866 30.2656751 120.1195748 0.51 0.98 0.08 1356998943305
-0.685298210202 -2.02656280029 30.2656759 120.1195769 0.53 0.98 0.11 1356998944306
-0.799316849215 -2.35270619695 30.2656767 120.1195789 0.53 0.97 0.08 1356998945304
-0.943373339647 -2.78174189887 30.2656775 120.119581 0.54 0.96 0.14 1356998946306
-1.07507789988 -3.15636749927 30.2656783 120.119583 0.52 0.93 0.12 1356998947305
-1.34674874938 -3.94437599684 30.2656797 120.1195869 0.52 0.91 0.13 1356998948304
-1.50224766022 -4.40228205033 30.2656804 120.119589 0.51 0.92 0.04 1356998949305
-1.5075960811 -4.42294744372 30.2656804 120.119589 0.51 0.92 0.04 1356998950308
-1.83971724076 -5.39689203321 30.2656818 120.1195931 0.5 0.94 0.15 1356998951304
-1.83971724076 -5.39689203321 30.2656818 120.1195931 0.5 0.94 0.15 1356998952306
-2.23694008979 -6.62243053835 30.2656831 120.1195978 0.49 0.98 0.08 1356998953304
-2.46206133982 -7.28390253929 30.2656839 120.1196001 0.52 0.98 0.09 1356998954304
-2.73719051962 -8.03066528854 30.2656848 120.1196023 0.52 0.95 0.11 1356998955304
-2.99668339912 -8.79644424753 30.2656855 120.1196047 0.52 0.95 0.07 1356998956305
-3.27351345034 -9.57839003943 30.2656863 120.119607 0.47 0.96 0.09 1356998957305
-3.54020867863 -10.382708783 30.265687 120.1196093 0.47 0.98 0.08 1356998958304
-3.8144471383 -11.2516099418 30.2656876 120.1196117 0.44 0.96 0.07 1356998959306
-4.06535040035 -12.0160747505 30.2656882 120.1196139 0.4 0.95 0.02 1356998960306
-4.34878410885 -12.857274758 30.2656888 120.119616 0.4 0.94 -0.01 1356998961302
-4.63424831959 -13.693155839 30.2656894 120.1196182 0.38 0.92 0.11 1356998962305
-4.90943465916 -14.5821173369 30.2656898 120.1196203 0.37 0.94 0.0 1356998963306
-5.18996868991 -15.4303225605 30.2656903 120.1196225 0.35 0.92 0.07 1356998964303
-5.46963774902 -16.2639348971 30.2656906 120.1196246 0.36 0.89 0.09 1356998965305
-6.00561593952 -17.8617732294 30.2656915 120.1196282 0.43 0.78 0.12 1356998966306
-6.00561593952 -17.8617732294 30.2656915 120.1196282 0.43 0.78 0.12 1356998967307
-6.38360875055 -18.6128000015 30.2656922 120.1196301 0.45 0.75 0.11 1356998968304
-6.71585763076 -19.4714798442 30.2656929 120.1196318 0.45 0.78 0.1 1356998969303
-7.10236416027 -20.4660230407 30.2656936 120.1196338 0.47 0.81 0.04 1356998970305
-7.83209880182 -22.4964540053 30.265695 120.1196374 0.49 0.81 0.02 1356998971306
-8.20068894141 -23.5017647449 30.2656957 120.1196391 0.5 0.8 0.02 1356998972303
-8.60237225204 -24.547800405 30.2656965 120.1196408 0.5 0.76 -0.03 1356998973304
-9.0163611411 -25.1337842636 30.2656972 120.1196423 0.5 0.76 0.05 1356998974306
-9.40496634161 -26.1517542371 30.2656979 120.1196439 0.48 0.75 0.01 1356998975304
-9.83292209984 -26.8084485018 30.2656986 120.1196454 0.46 0.78 -0.01 1356998976304
-10.233578251 -27.9133029622 30.2656992 120.1196471 0.45 0.79 -0.01 1356998977307
-10.6544072989 -28.7370275378 30.2656999 120.1196489 0.45 0.82 0.0 1356998978304
-11.1179863772 -29.9693322826 30.2657006 120.1196507 0.46 0.82 0.03 1356998979304
-11.6049339978 -31.1856226324 30.2657014 120.1196524 0.46 0.82 0.06 1356998980304
-12.093968326 -32.4821842269 30.2657021 120.1196542 0.46 0.82 -0.03 1356998981306
-13.0636304978 -35.0884531462 30.2657034 120.1196577 0.39 0.83 0.0 1356998982306
-13.5121147477 -36.3769628357 30.2657039 120.1196594 0.36 0.78 0.01 1356998983305
-13.9030290563 -37.5309748084 30.2657043 120.1196609 0.3 0.73 0.05 1356998984305
-14.2695458376 -38.6895933573 30.2657046 120.1196624 0.27 0.67 0.01 1356998985306
-14.6045834991 -39.7194741004 30.2657049 120.1196637 0.26 0.63 0.05 1356998986304
-14.9578552571 -40.7087300109 30.2657053 120.1196649 0.27 0.57 -0.03 1356998987304
-15.3027500767 -41.7723718329 30.2657056 120.1196662 0.28 0.53 -0.07 1356998988304
-15.6664798347 -42.7936731029 30.265706 120.1196674 0.3 0.51 0.06 1356998989305
-16.0553100004 -43.9112728545 30.2657064 120.1196687 0.3 0.5 0.06 1356998990304
-16.4847072466 -45.0672822885 30.2657069 120.11967 0.31 0.52 0.04 1356998991305
-17.3859884948 -47.5217018872 30.2657079 120.1196727 0.32 0.52 -0.07 1356998992305
-17.759289504 -48.5439706623 30.2657083 120.1196738 0.28 0.47 -0.03 1356998993306
-17.759289504 -48.5439706623 30.2657083 120.1196738 0.28 0.47 -0.03 1356998994305
-18.0639833369 -49.5377836167 30.2657085 120.1196749 0.22 0.41 0.0 1356998995304
-18.2548476835 -50.325763663 30.2657085 120.1196758 0.17 0.36 0.0 1356998996307
-18.4039932532 -50.9443871214 30.2657085 120.1196765 0.16 0.32 -0.01 1356998997303
-18.5537474028 -51.5680644398 30.2657085 120.1196772 0.17 0.31 0.0 1356998998306
-18.5537474028 -51.5680644398 30.2657085 120.1196772 0.17 0.31 0.0 1356998999304
-18.6825924889 -52.1066830853 30.2657085 120.1196778 0.17 0.27 -0.02 1356999000307
-18.8282945382 -52.5799800862 30.2657086 120.1196783 0.2 0.25 -0.07 1356999001305
-18.9746923054 -53.0560417258 30.2657087 120.1196788 0.21 0.22 0.01 1356999002305
-19.2863150581 -53.9462263034 30.265709 120.1196797 0.2 0.22 0.05 1356999003303
-19.2863150581 -53.9462263034 30.265709 120.1196797 0.2 0.22 0.05 1356999004303
-19.4738027199 -54.4522254441 30.2657092 120.1196802 0.2 0.19 0.02 1356999005305
-19.5569246064 -54.6598942111 30.2657093 120.1196804 0.2 0.14 0.0 1356999006305
-19.6794071425 -54.8902639778 30.2657095 120.1196806 0.16 0.05 0.01 1356999007305
-19.6402751929 -54.868070378 30.2657094 120.1196806 0.12 0.01 -0.01 1356999008306
-19.5790465349 -54.7528503247 30.2657093 120.1196805 0.08 -0.03 -0.01 1356999009306
-19.4180755392 -54.5008925282 30.265709 120.1196803 0.06 -0.09 0.06 1356999010306
-19.2747110372 -54.179235835 30.2657088 120.11968 0.06 -0.14 0.01 1356999011304
-19.0500816536 -53.6531285233 30.2657