-0.13598793978 0.47595779048 30.2656519 120.119489 -0.17 0.39 0.17 1356998571011
-0.142975999917 0.478969600254 30.2656517 120.1194891 -0.13 0.29 0.12 1356998572011
-0.142868399925 0.482180850032 30.2656517 120.1194892 -0.11 0.25 0.08 1356998573014
-0.146406899887 0.482071500033 30.2656516 120.1194892 -0.11 0.29 0.16 1356998574013
-0.145957539892 0.494831659897 30.2656516 120.1194896 -0.13 0.41 0.08 1356998575013
-0.148766939849 0.513600150063 30.2656515 120.1194902 -0.17 0.49 0.07 1356998576013
-0.15792569994 0.543966300087 30.2656512 120.1194912 -0.2 0.62 0.12 1356998577013
-0.166784159828 0.573320550117 30.2656509 120.1194922 -0.22 0.63 0.13 1356998578012
-0.174782609911 0.610025580207 30.2656506 120.1194935 -0.21 0.71 0.08 1356998579012
-0.17878119004 0.6476601601 30.2656504 120.1194949 -0.18 0.7 0.09 1356998580012
-0.17878119004 0.6476601601 30.2656504 120.1194949 -0.18 0.7 0.09 1356998581012
-0.182344249976 0.682962100015 30.2656502 120.1194963 -0.19 0.73 0.05 1356998582012
-0.185196419875 0.718042260316 30.26565 120.1194978 -0.18 0.74 0.04 1356998583013
-0.187513210017 0.750052840067 30.2656498 120.1194993 -0.16 0.74 0.02 1356998584014
-0.189267139982 0.778787739877 30.2656496 120.1195008 -0.17 0.73 0.11 1356998585013
-0.190430729878 0.80404086011 30.2656494 120.1195023 -0.16 0.71 0.04 1356998586014
-0.188837759836 0.823214610151 30.2656493 120.1195036 -0.16 0.66 -0.1 1356998587012
-0.192452809986 0.83874955989 30.265649 120.1195049 -0.19 0.63 0.06 1356998588012
-0.19449289985 0.852990290049 30.2656487 120.1195064 -0.23 0.62 0.03 1356998589013
-0.200765249916 0.861952139979 30.2656482 120.1195079 -0.27 0.64 -0.02 1356998590015
-0.211048319918 0.864783360043 30.2656475 120.1195093 -0.27 0.59 -0.05 1356998591015
-0.211048319918 0.864783360043 30.2656475 120.1195093 -0.27 0.59 -0.05 1356998592012
-0.217141759917 0.863632000009 30.2656469 120.1195107 -0.28 0.64 0.04 1356998593012
-0.217153119969 0.85917103998 30.2656465 120.1195121 -0.27 0.68 0.06 1356998594013
-0.213113499973 0.850210700047 30.2656462 120.1195136 -0.26 0.69 -0.06 1356998595013
-0.208275209904 0.833100840107 30.2656458 120.1195153 -0.26 0.71 -0.02 1356998596014
-0.200848960014 0.803395840055 30.2656453 120.1195173 -0.27 0.71 0.04 1356998597012
-0.190522059974 0.770991140114 30.265645 120.119519 -0.3 0.71 0.13 1356998598013
-0.181386239999 0.728784000149 30.2656445 120.1195207 -0.33 0.69 0.16 1356998599015
-0.171963040062 0.687852160248 30.2656441 120.1195221 -0.32 0.64 0.14 1356998600013
-0.159877689871 0.642197779609 30.2656438 120.1195235 -0.32 0.63 0.17 1356998601012
-0.14765782007 0.594262210314 30.2656435 120.1195248 -0.34 0.64 0.13 1356998602014
-0.134419340128 0.534502100479 30.265643 120.1195262 -0.34 0.65 0.04 1356998603014
-0.117707039965 0.463694399939 30.2656425 120.1195277 -0.34 0.68 0.07 1356998604011
-0.09974784 0.391656960161 30.2656421 120.1195291 -0.32 0.69 0.03 1356998605012
-0.078392999815 0.307412549437 30.2656417 120.1195306 -0.31 0.74 0.07 1356998606013
-0.0533704600909 0.210869300365 30.2656414 120.1195322 -0.28 0.7 0.12 1356998607015
-0.0266944999999 0.10696210003 30.2656412 120.1195338 -0.26 0.74 0.09 1356998608013
0.00371775999045 -0.0150217599627 30.2656409 120.1195355 -0.26 0.76 0.03 1356998609015
0.0351180800722 -0.141858560358 30.2656405 120.1195371 -0.3 0.78 0.0 1356998610013
0.0709815600641 -0.287111310358 30.2656401 120.1195388 -0.32 0.78 0.07 1356998611014
