-1.48233887974 0.951624960226 30.2658924 120.1195676 0.2 -0.13 -0.24 -1 0.951624960226 946690433822
-1.48233887974 0.951624960226 30.2658924 120.1195676 0.2 -0.13 -0.24 -1 0.951624960226 946690434824
-1.48301311973 0.946216960281 30.2658922 120.1195676 0.2 -0.13 -0.18 -1 0.946216960281 946690435823
-1.48353087973 0.940775680178 30.265892 120.1195676 0.2 -0.14 -0.09 -1 0.940775680178 946690436827
-1.3440679798 0.915902279937 30.265892 120.1195676 0.2 -0.14 -0.09 -1 0.915902279937 946690437824
-0.887597919685 0.658266399877 30.2658918 120.1195676 0.2 -0.14 0.01 -0.887597919685 0.658266399877 946690438827
-0.505440001107 0.386380800621 30.2658917 120.1195676 0.2 -0.13 0.07 -0.505440001107 0.386380800621 946690439827
-0.0591948205682 0.0464660804382 30.2658916 120.1195675 0.2 -0.13 0.13 -0.0591948205682 0.0464660804382 946690440824
1.04937407968 -0.856792319736 30.2658914 120.1195675 0.19 -0.12 0.18 1 -0.856792319736 946690441822
1.69089759985 -1.39800997985 30.2658913 120.1195674 0.19 -0.12 0.24 1 -1 946690442831
2.40234929923 -2.01222419945 30.2658912 120.1195673 0.19 -0.11 0.29 1 -1 946690443827
3.24668292061 -2.7578206811 30.2658911 120.1195673 0.19 -0.1 0.35 1 -1 946690444825
3.26696616158 -2.7705154217 30.265891 120.1195673 0.19 -0.1 0.4 1 -1 946690445828
5.17841647968 -4.45312621977 30.2658907 120.1195672 0.19 -0.08 0.47 1 -1 946690446828
5.18871570194 -4.44747060192 30.2658906 120.1195671 0.19 -0.08 0.49 1 -1 946690447829
7.37261964042 -6.42131388091 30.2658905 120.119567 0.19 -0.07 0.5 1 -1 946690448833
7.40333748188 -6.43903722175 30.2658904 120.119567 0.19 -0.07 0.51 1 -1 946690449822
12.5483077941 -11.1142154711 30.2658901 120.1195667 0.2 -0.04 0.45 1 -1 946690450828
13.9434747186 -12.3904484777 30.2658901 120.1195667 0.2 -0.03 0.42 1 -1 946690451829
14.0077231193 -12.4005568198 30.2658899 120.1195666 0.2 -0.02 0.4 1 -1 946690452822
15.5087261166 -13.6863141163 30.2658897 120.1195665 0.2 -0.01 0.37 1 -1 946690453831
15.4831790925 -13.6455749897 30.2658897 120.1195664 0.19 0.0 0.32 1 -1 946690454824
15.5048493537 -13.6304368122 30.2658896 120.1195663 0.19 0.0 0.19 1 -1 946690455826
15.548419319 -13.6003152587 30.2658894 120.1195661 0.18 0.0 0.06 1 -1 946690456826
15.5922967955 -13.5703984944 30.2658892 120.1195659 0.19 0.01 -0.06 1 -1 946690457827
15.5888642726 -13.5151997103 30.2658891 120.1195657 0.19 0.01 -0.2 1 -1 946690458828
15.6364837121 -13.54068461 30.265889 120.1195657 0.18 0.02 -0.26 1 -1 946690459827
15.6842061115 -13.5661992297 30.2658889 120.1195657 0.18 0.01 -0.37 1 -1 946690460823
15.7799602733 -13.6173176306 30.2658887 120.1195657 0.17 0.01 -0.45 1 -1 946690461830
15.7799602733 -13.6173176306 30.2658887 120.1195657 0.17 0.02 -0.49 1 -1 946690462824
15.9017933364 -13.7090779167 30.2658885 120.1195658 0.18 0.02 -0.54 1 -1 946690463826
15.9243667117 -13.6942181298 30.2658884 120.1195657 0.17 0.02 -0.54 1 -1 946690464830
15.9243667117 -13.6942181298 30.2658884 120.1195657 0.17 0.02 -0.54 1 -1 946690465822
15.9243667117 -13.6942181298 30.2658884 120.1195657 0.16 0.01 -0.54 1 -1 946690466822
15.9727093912 -13.7199110695 30.2658883 120.1195657 0.16 0.0 -0.52 1 -1 946690467823
15.9954356752 -13.7050961535 30.2658882 120.1195656 0.16 0.0 -0.47 1 -1 946690468825
15.9925606183 -13.6499363988 30.2658881 120.1195654 0.16 0.0 -0.41 1 -1 946690469824
16.0154506395 -13.6352742213 30.265888 120.1195653 0.18 0.0 -0.32 1 -1 946690470824
16.0127849166 -13.5804631572 30.2658879 120.1195651 0.18 0.0 -0.26 1 -1 946690471826
16.061470196 -13.606096017 30.2658878 120.1195651 0.18 0.0 -0.2 1 -1 946690472829
16.0846002141 -13.5915795116 30.2658877 120.119565 0.19 0.0 -0.07 1 -1 946690473832
16.1102598783 -13.6317583582 30.2658877 120.1195651 0.2 -0.01 0.05 1 -1 946690474830
16.1102598783 -13.6317583582 30.2658877 120.1195651 0.2 -0.01 0.1 1 -1 946690475827
16.1102598783 -13.6317583582 30.2658877 120.1195651 0.2 0.0 0.16 1 -1 946690476823
16.1102598783 -13.6317583582 30.2658877 120.1195651 0.2 -0.01 0.27 1 -1 946690477829
16.1824343331 -13.642922871 30.2658875 120.119565 0.19 -0.01 0.36 1 -1 946690478825
16.1824343331 -13.642922871 30.2658875 120.119565 0.19 0.0 0.38 1 -1 946690479829
16.2081529173 -13.6831714776 30.2658875 120.1195651 0.2 -0.01 0.43 1 -1 946690480825
16.2081529173 -13.6831714776 30.2658875 120.1195651 0.19 -0.01 0.45 1 -1 946690481829
16.1824343331 -13.642922871 30.2658875 120.119565 0.19 0.0 0.47 1 -1 946690482833
16.1824343331 -13.642922871 30.2658875 120.119565 0.19 0.0 0.47 1 -1 946690483820
16.1824343331 -13.642922871 30.2658875 120.119565 0.19 0.0 0.46 1 -1 946690484824
16.2315084725 -13.6686387108 30.2658874 120.119565 0.19 0.0 0.43 1 -1 946690485826
16.2315084725 -13.6686387108 30.2658874 120.119565 0.19 0.0 0.43 1 -1 946690486826
16.2081529173 -13.6831714776 30.2658875 120.1195651 0.18 0.0 0.37 1 -1 946690487827
16.1591540778 -13.6574501779 30.2658876 120.1195651 0.19 0.0 0.28 1 -1 946690488835
16.0589753959 -13.5514889944 30.2658877 120.1195649 0.18 0.0 0.12 1 -1 946690489824
16.0102445936 -13.5258962932 30.2658878 120.1195649 0.19 0.01 0.07 1 -1 946690490827
16.0102445936 -13.5258962932 30.2658878 120.1195649 0.19 0.01 -0.02 1 -1 946690491827
15.9616181941 -13.5003329935 30.2658879 120.1195649 0.19 0.01 -0.07 1 -1 946690492824
15.9616181941 -13.5003329935 30.2658879 120.1195649 0.19 0.01 -0.07 1 -1 946690493822
15.9616181941 -13.5003329935 30.2658879 120.1195649 0.19 0.01 -0.18 1 -1 946690494829
15.9130960747 -13.4747990937 30.265888 120.1195649 0.18 0.01 -0.25 1 -1 946690495826
15.9130960747 -13.4747990937 30.265888 120.1195649 0.18 0.02 -0.32 1 -1 946690496826
15.9130960747 -13.4747990937 30.265888 120.1195649 0.18 0.02 -0.35 1 -1 946690497830
15.9871841724 -13.5403539107 30.2658879 120.119565 0.18 0.02 -0.36 1 -1 946690498830
16.0127849166 -13.5804631572 30.2658879 120.1195651 0.17 0.01 -0.39 1 -1 946690499826
15.9642039171 -13.5548597775 30.265888 120.1195651 0.17 0.01 -0.37 1 -1 946690500826
15.9157270776 -13.5292858778 30.2658881 120.1195651 0.16 0.01 -0.33 1 -1 946690501834
15.9157270776 -13.5292858778 30.2658881 120.1195651 0.17 0.01 -0.31 1 -1 946690502829
15.9157270776 -13.5292858778 30.2658881 120.1195651 0.16 0.01 -0.29 1 -1 946690503824
15.9413035758 -13.569414115 30.2658881 120.1195652 0.17 0.02 -0.23 1 -1 946690504824
15.9413035758 -13.569414115 30.2658881 120.1195652 0.18 0.03 -0.16 1 -1 946690505830
15.8929012764 -13.5438350353 30.2658882 120.1195652 0.19 0.03 -0.07 1 -1 946690506833
15.8446028941 -13.5182854741 30.2658883 120.1195652 0.2 0.02 0.05 1 -1 946690507827
15.8446028941 -13.5182854741 30.2658883 120.1195652 0.19 0.02 0.1 1 -1 946690508831
15.8701549983 -13.5584330007 30.2658883 120.1195653 0.19 0.01 0.19 1 -1 946690509829
-3.65071548058 6.49108908053 30.2658883 120.1195654 0.19 0.01 0.26 -1 1 946690510832
-3.66430617964 6.52363891828 30.2658883 120.1195653 0.18 0.0 0.29 -1 1 946690511830
-5.25472991961 8.98949663916 30.2658884 120.1195653 0.18 0.0 0.32 -1 1 946690512833
-6.14440398016 10.3255072789 30.2658884 120.1195654 0.18 0.0 0.33 -1 1 946690513834
-6.21188159943 10.3774963183 30.2658887 120.1195654 0.18 0.0 0.29 -1 1 946690514828
-6.21188159943 10.3774963183 30.2658887 120.1195654 0.18 0.0 0.29 -1 1 946690515829
-10.9953910001 17.4290578013 30.2658888 120.1195654 0.19 0.0 0.27 -1 1 946690516825
-14.0471009167 21.791291309 30.265889 120.1195654 0.19 0.0 0.21 -1 1 946690517822
-14.0471009167 21.791291309 30.265889 120.1195654 0.2 0.01 0.19 -1 1 946690518826
-15.8712544008 24.2736832023 30.2658894 120.1195654 0.19 0.01 0.08 -1 1 946690519830
-19.5254650773 29.3957759316 30.2658895 120.1195655 0.18 0.01 0.0 -1 1 946690520824
-21.5668185641 32.0060764914 30.2658898 120.1195657 0.17 0.02 -0.08 -1 1 946690521829
-23.6262571216 34.8594129606 30.2658899 120.1195657 0.17 0.01 -0.11 -1 1 946690522835
