0.00562576504891 0.0825112199896 30.2658814 120.1195504 0.14 -0.03 -0.5 0.00562576504891 0.0825112199896 946689108981
0.00750262002871 0.0806531651176 30.2658816 120.1195503 0.15 -0.03 -0.5 0.00750262002871 0.0806531651176 946689109984
0.00937587511788 0.0825076999895 30.2658817 120.1195504 0.14 -0.04 -0.47 0.00937587511788 0.0825076999895 946689110989
0.0112558800975 0.0787911602456 30.2658817 120.1195503 0.15 -0.04 -0.42 0.0112558800975 0.0787911602456 946689111990
0.0168779700373 0.0806391901175 30.265882 120.1195504 0.15 -0.05 -0.16 0.0168779700373 0.0806391901175 946689112982
0.0150067200572 0.0787852802456 30.2658819 120.1195503 0.16 -0.05 -0.06 0.0150067200572 0.0787852802456 946689113983
0.0150067200572 0.0787852802456 30.2658819 120.1195503 0.16 -0.05 0.12 0.0150067200572 0.0787852802456 946689114983
0.0150067200572 0.0787852802456 30.2658819 120.1195503 0.17 -0.06 0.21 0.0150067200572 0.0787852802456 946689115982
0.0168855300368 0.076922970374 30.265882 120.1195502 0.17 -0.06 0.31 0.0168855300368 0.076922970374 946689116988
0.0408301299971 0.135481794745 30.2658819 120.1195501 0.18 -0.06 0.46 0.0408301299971 0.135481794745 946689117982
0.0426294649771 0.140862579793 30.2658818 120.1195501 0.19 -0.06 0.59 0.0426294649771 0.140862579793 946689118998
0.0461852500408 0.153335030178 30.2658817 120.1195501 0.19 -0.05 0.68 0.0461852500408 0.153335030178 946689119983
0.047937630134 0.160406684689 30.2658817 120.1195501 0.2 -0.04 0.72 0.047937630134 0.160406684689 946689120990
0.0478450701294 0.167457745025 30.2658817 120.1195501 0.2 -0.04 0.72 0.0478450701294 0.167457745025 946689121979
0.0477483499172 0.174465124952 30.2658816 120.11955 0.21 -0.03 0.76 0.0477483499172 0.174465124952 946689122984
0.0477729199211 0.172717479666 30.2658816 120.1195498 0.21 -0.02 0.74 0.0477729199211 0.172717479666 946689123985
0.0459182500433 0.174489349951 30.2658816 120.1195498 0.21 -0.01 0.71 0.0459182500433 0.174489349951 946689124987
0.0513794398801 0.176158079833 30.2658818 120.1195498 0.22 0.0 0.64 0.0513794398801 0.176158079833 946689125995
0.0513794398738 0.176158080239 30.2658818 120.1195497 0.21 0.0 0.59 0.0513794398738 0.176158080239 946689126995
0.0549144000551 0.183047999757 30.2658819 120.1195497 0.21 0.0 0.47 0.0549144000551 0.183047999757 946689127988
0.0567354250285 0.183017500161 30.2658819 120.1195496 0.21 0.01 0.41 0.0567354250285 0.183017500161 946689128994
0.0602741699883 0.188128470205 30.265882 120.1195495 0.22 0.01 0.36 0.0602741699883 0.188128470205 946689129989
0.0620540799712 0.189812480087 30.2658821 120.1195496 0.21 0.02 0.24 0.0620540799712 0.189812480087 946689131005
0.0636807499561 0.198320049896 30.2658822 120.1195496 0.21 0.02 0.18 0.0636807499561 0.198320049896 946689131989
0.0654874200419 0.198281354895 30.2658823 120.1195496 0.21 0.03 0.07 0.0654874200419 0.198281354895 946689132989
0.0636037500485 0.20171475045 30.2658823 120.1195495 0.21 0.03 0.0 0.0636037500485 0.20171475045 946689133995
0.0653680800409 0.203367359939 30.2658823 120.1195494 0.2 0.04 -0.09 0.0653680800409 0.203367359939 946689134993
0.0721992000613 0.216597600184 30.2658825 120.1195495 0.2 0.04 -0.18 0.0721992000613 0.216597600184 946689135989
0.0755697600246 0.223110720113 30.2658826 120.1195495 0.19 0.04 -0.21 0.0755697600246 0.223110720113 946689136997
0.0789087199886 0.229552640043 30.2658826 120.1195495 0.19 0.04 -0.27 0.0789087199886 0.229552640043 946689137992
0.0804480750612 0.235981020346 30.2658826 120.1195495 0.19 0.04 -0.27 0.0804480750612 0.235981020346 946689138983
0.0819683200587 0.242341119903 30.2658825 120.1195494 0.19 0.04 -0.3 0.0819683200587 0.242341119903 946689139991
0.0833364050208 0.251782330353 30.2658826 120.1195495 0.19 0.04 -0.34 0.0833364050208 0.251782330353 946689140990
0.086553355002 0.257893669922 30.2658826 120.1195495 0.18 0.03 -0.34 0.086553355002 0.257893669922 946689141987
0.0859653550086 0.270176829794 30.2658826 120.1195494 0.18 0.03 -0.32 0.0859653550086 0.270176829794 946689142985
0.0908252800388 0.275969120079 30.2658827 120.1195494 0.18 0.03 -0.31 0.0908252800388 0.275969120079 946689143990
0.0921187700297 0.283308669914 30.2658828 120.1195494 0.18 0.03 -0.29 0.0921187700297 0.283308669914 946689144990
0.095172549976 0.288978470193 30.2658829 120.1195495 0.18 0.02 -0.28 0.095172549976 0.288978470193 946689145988
0.0949877499887 0.291871449993 30.2658829 120.1195494 0.17 0.02 -0.25 0.0949877499887 0.291871449993 946689146989
0.0947064249862 0.29617282003 30.2658828 120.1195495 0.17 0.02 -0.2 0.0947064249862 0.29617282003 946689147988
0.0961057999656 0.300330625067 30.2658828 120.1195495 0.18 0.01 -0.18 0.0961057999656 0.300330625067 946689148990
0.100944869999 0.302834610197 30.2658829 120.1195495 0.18 0.01 -0.13 0.100944869999 0.302834610197 946689149994
0.105633120039 0.306676800227 30.2658831 120.1195495 0.18 0.01 -0.06 0.105633120039 0.306676800227 946689150992
0.106954470017 0.310677270261 30.2658831 120.1195495 0.19 0.0 -0.03 0.106954470017 0.310677270261 946689151989
0.106605765041 0.31474082998 30.265883 120.1195494 0.18 0.0 -0.01 0.106605765041 0.31474082998 946689152990
0.109418075011 0.319837449926 30.2658831 120.1195494 0.19 0.0 0.0 0.109418075011 0.319837449926 946689153987
0.113142140043 0.331107145024 30.2658831 120.1195494 0.19 0.0 0.01 0.113142140043 0.331107145024 946689154983
0.115667999991 0.337089600176 30.2658832 120.1195495 0.2 0.0 0.03 0.115667999991 0.337089600176 946689155992
0.118127159937 0.342896895321 30.2658832 120.1195495 0.2 0.0 0.03 0.118127159937 0.342896895321 946689156986
0.12225075002 0.347192129985 30.2658833 120.1195494 0.2 0.0 0.05 0.12225075002 0.347192129985 946689157989
0.124564054966 0.352661870127 30.2658834 120.1195495 0.21 0.0 0.08 0.124564054966 0.352661870127 946689158991
0.127156029928 0.355714970158 30.2658834 120.1195495 0.21 0.0 0.09 0.127156029928 0.355714970158 946689159991
0.128167999906 0.358870400186 30.2658834 120.1195495 0.21 0.0 0.11 0.128167999906 0.358870400186 946689160989
0.127807999931 0.361057600034 30.2658834 120.1195494 0.21 0.01 0.12 0.127807999931 0.361057600034 946689161987
0.128039129919 0.368310090018 30.2658834 120.1195494 0.21 0.01 0.13 0.128039129919 0.368310090018 946689162992
0.127085354896 0.373411290139 30.2658834 120.1195495 0.2 0.01 0.14 0.127085354896 0.373411290139 946689163988
0.124618799934 0.378529605024 30.2658834 120.1195494 0.2 0.01 0.12 0.124618799934 0.378529605024 946689164991
0.123437999924 0.384200775072 30.2658834 120.1195494 0.21 0.01 0.12 0.123437999924 0.384200775072 946689165990
0.122431999947 0.388721599971 30.2658834 120.1195493 0.2 0.01 0.12 0.122431999947 0.388721599971 946689166992
0.125540405059 0.393259099999 30.2658835 120.1195493 0.2 0.02 0.1 0.125540405059 0.393259099999 946689167990
0.125880300068 0.397122374911 30.2658835 120.1195492 0.2 0.02 0.08 0.125880300068 0.397122374911 946689168998
0.125940250041 0.401527149958 30.2658835 120.1195492 0.2 0.02 0.08 0.125940250041 0.401527149958 946689169986
0.12569588003 0.406319239951 30.2658835 120.1195492 0.2 0.02 0.07 0.12569588003 0.406319239951 946689170989
0.128418750007 0.412366875056 30.2658836 120.1195493 0.2 0.02 0.05 0.128418750007 0.412366875056 946689171993
0.127896750104 0.413532824841 30.2658835 120.1195492 0.2 0.02 0.05 0.127896750104 0.413532824841 946689172995
0.12710700002 0.415216199878 30.2658834 120.1195492 0.2 0.02 0.03 0.12710700002 0.415216199878 946689173991
0.127359504956 0.417067389987 30.2658834 120.1195492 0.2 0.02 0.02 0.127359504956 0.417067389987 946689174997
0.132466079929 0.418096065045 30.2658834 120.1195491 0.19 0.02 0.01 0.132466079929 0.418096065045 946689175989
0.134439830017 0.418409674972 30.2658834 120.1195491 0.19 0.01 0.0 0.134439830017 0.418409674972 946689176992
0.137945295072 0.417933269935 30.2658835 120.119549 0.19 0.01 -0.02 0.137945295072 0.417933269935 946689177985
0.140466764972 0.417309030041 30.2658835 120.1195489 0.2 0.01 -0.03 0.140466764972 0.417309030041 946689178988
0.14076347995 0.418229955052 30.2658834 120.1195489 0.2 0.01 -0.05 0.14076347995 0.418229955052 946689179990
0.140118679994 0.419008744998 30.2658833 120.1195488 0.2 0.01 -0.06 0.140118679994 0.419008744998 946689180992
0.141466304962 0.420432570004 30.2658833 120.1195487 0.2 0.01 -0.07 0.141466304962 0.420432570004 946689181990
0.13975162999 0.421867070018 30.2658832 120.1195486 0.2 0.01 -0.07 0.13975162999 0.421867070018 946689182990
0.139996329945 0.42255773003 30.2658832 120.1195486 0.2 0.01 -0.06 0.139996329945 0.42255773003 946689183989
0.138600000023 0.423359999991 30.2658831 120.1195486 0.2 0.01 -0.06 0.138600000023 0.423359999991 946689184992
0.137479604993 0.423585810006 30.2658831 120.1195486 0.2 0.01 -0.06 0.137479604993 0.423585810006 946689185986
0.137439120036 0.42336157499 30.2658831 120.1195484 0.2 0.01 -0.06 0.137439120036 0.42336157499 946689186991
0.134795070064 0.423815129987 30.265883 120.1195483 0.2 0.0 -0.06 0.134795070064 0.423815129987 946689187991
0.134085600049 0.424198079983 30.2658829 120.1195482 0.2 0.0 -0.05 0.134085600049 0.424198079983 946689188986
0.125071229908 0.424307069996 30.2658828 120.1195482 0.2 0.0 -0.04 0.125071229908 0.424307069996 946689189992
0.125071229908 0.424307069996 30.2658828 120.1195482 0.2 0.0 -0.05 0.125071229908 0.424307069996 946689190995
0.126209599979 0.422228480002 30.2658828 120.119548 0.19 0.0 -0.04 0.126209599979 0.422228480002 946689191985
0.124581599997 0.421312320012 30.2658827 120.119548 0.2 0.0 -0.04 0.124581599997 0.421312320012 946689192987
0.123349049986 0.420508125006 30.2658826 120.1195479 0.2 0.0 -0.03 0.123349049986 0.420508125006 946689193991
0.117784855022 0.417109670026 30.2658824 120.1195479 0.19 0.0 -0.03 0.117784855022 0.417109670026 946689194991
0.114384054959 0.413461629957 30.2658823 120.1195479 0.2 0.0 -0.03 0.114384054959 0.413461629957 946689195990
0.112252250009 0.409210474939 30.2658823 120.1195478 0.19 0.0 -0.03 0.112252250009 0.409210474939 946689196989
0.108643469992 0.402274469928 30.2658823 120.1195478 0.21 -0.02 0.13 0.108643469992 0.402274469928 946689197989
0.106247679941 0.396531519966 30.2658822 120.1195476 0.22 -0.08 0.56 0.106247679941 0.396531519966 946689198989
0.103065120011 0.386946239904 30.2658823 120.1195477 0.22 -0.1 0.75 0.103065120011 0.386946239904 946689199997
0.101837969949 0.378628349959 30.2658824 120.1195477 0.22 -0.12 0.86 0.101837969949 0.378628349959 946689200990
0.101837969949 0.378628349959 30.2658824 120.1195477 0.22 -0.12 0.87 0.101837969949 0.378628349959 946689201985
0.0992117799569 0.359242654999 30.2658824 120.1195476 0.22 -0.12 0.88 0.0992117799569 0.359242654999 946689202988
0.0976012500116 0.353706930026 30.2658824 120.1195474 0.22 -0.12 0.82 0.0976012500116 0.353706930026 946689203985
0.0959504050642 0.34602587019 30.2658824 120.1195474 0.22 -0.11 0.76 0.0959504050642 0.34602587019 946689204986
0.09475759508 0.339364410271 30.2658824 120.1195474 0.22 -0.11 0.76 0.09475759508 0.339364410271 946689205984
0.0941609701216 0.337957590371 30.2658824 120.1195475 0.22 -0.1 0.7 0.0941609701216 0.337957590371 946689206985
0.0953238001078 0.338766120243 30.2658825 120.1195474 0.21 -0.09 0.52 0.0953238001078 0.338766120243 946689207987
0.0958861051026 0.338163210249 30.2658826 120.1195474 0.21 -0.08 0.43 0.0958861051026 0.338163210249 946689208991
0.0976126900498 0.338341730165 30.2658828 120.1195473 0.2 -0.04 0.06 0.0976126900498 0.338341730165 946689209992
0.0981677300767 0.337726295135 30.2658829 120.1195473 0.19 -0.03 -0.06 0.0981677300767 0.337726295135 946689210989
0.0976126900498 0.338341730165 30.2658828 120.1195473 0.18 -0.01 -0.3 0.0976126900498 0.338341730165 946689211987
0.0981677300767 0.337726295135 30.2658829 120.1195473 0.18 0.0 -0.42 0.0981677300767 0.337726295135 946689212993
0.0987848000341 0.339112000039 30.2658829 120.1195472 0.18 0.01 -0.52 0.0987848000341 0.339112000039 946689213985
0.0987848000341 0.339112000039 30.2658829 120.1195472 0.18 0.02 -0.63 0.0987848000341 0.339112000039 946689214988
0.0993404250283 0.338493300046 30.265883 120.1195472 0.18 0.03 -0.8 0.0993404250283 0.338493300046 946689216004
0.100982880011 0.336609600066 30.2658833 120.1195472 0.2 0.05 -0.97 0.100982880011 0.336609600066 946689216990
0.100982880011 0.336609600066 30.2658833 120.1195472 0.2 0.04 -1.01 0.100982880011 0.336609600066 946689217986
0.101522125006 0.335972500073 30.2658834 120.1195472 0.2 0.04 -1.01 0.101522125006 0.335972500073 946689218985
0.102057200031 0.335330800043 30.2658835 120.1195472 0.19 0.03 -0.99 0.102057200031 0.335330800043 946689219987
0.102700499987 0.336710924948 30.2658835 120.1195471 0.2 0.03 -0.92 0.102700499987 0.336710924948 946689220986
0.102700499987 0.336710924948 30.2658835 120.1195471 0.19 0.02 -0.85 0.102700499987 0.336710924948 946689221992
0.0965224000249 0.341540800048 30.2658825 120.1195472 0.21 -0.01 0.75 0.0965224000249 0.341540800048 946689223000
0.0965224000249 0.341540800048 30.2658825 120.1195472 0.21 -0.01 0.79 0.0965224000249 0.341540800048 946689223989
0.0959237500663 0.340160375145 30.2658825 120.1195473 0.21 -0.01 0.86 0.0959237500663 0.340160375145 946689224985
0.0953238001078 0.338766120243 30.2658825 120.1195474 0.2 -0.01 0.88 0.0953238001078 0.338766120243 946689225993
0.0958861051026 0.338163210249 30.2658826 120.1195474 0.2 0.0 0.87 0.0958861051026 0.338163210249 946689226987
0.00947032015301 0.0319348005034 30.2658826 120.1195474 0.19 0.0 0.81 0.00947032015301 0.0319348005034 946689227998
0.00822269022595 0.0276149307465 30.2658827 120.1195475 0.18 0.01 0.75 0.00822269022595 0.0276149307465 946689228992
0.00822269022595 0.0276149307465 30.2658827 120.1195475 0.19 0.02 0.69 0.00822269022595 0.0276149307465 946689229990
0.00672543012395 0.0229293904132 30.2658825 120.1195477 0.2 0.03 0.51 0.00672543012395 0.0229293904132 946689230989
0.00772150505531 0.0262802101806 30.2658825 120.1195476 0.19 0.03 0.43 0.00772150505531 0.0262802101806 946689231987
0.00772150505531 0.0262802101806 30.2658825 120.1195476 0.19 0.04 0.28 0.00772150505531 0.0262802101806 946689232994
-0.0661383049289 -0.236051629751 30.2658825 120.1195476 0.19 0.04 0.18 -0.0661383049289 -0.236051629751 946689233987
-0.0654479998967 -0.234885599696 30.2658824 120.1195476 0.19 0.03 0.1 -0.0654479998967 -0.234885599696 946689234985
-0.0654479998967 -0.234885599696 30.2658824 120.1195476 0.19 0.04 -0.04 -0.0654479998967 -0.234885599696 946689235994
-0.108742369917 -0.393682269572 30.2658823 120.1195476 0.19 0.04 -0.12 -0.108742369917 -0.393682269572 946689236991
-0.110009294829 -0.398857229213 30.2658823 120.1195477 0.18 0.04 -0.2 -0.110009294829 -0.398857229213 946689237989
-0.121007429911 -0.484725164595 30.2658804 120.1195475 0.18 0.01 0.38 -0.121007429911 -0.484725164595 946689239000
-0.131459669711 -0.522125128591 30.2658804 120.1195475 0.18 0.02 0.33 -0.131459669711 -0.522125128591 946689239989
-0.130406319724 -0.520884333605 30.2658803 120.1195475 0.18 0.01 0.31 -0.130406319724 -0.520884333605 946689240987
-0.151253999779 -0.601654798766 30.2658803 120.1195475 0.18 0.02 0.27 -0.151253999779 -0.601654798766 946689241992
-0.166715639997 -0.665030520112 30.26588 120.1195473 0.18 0.01 0.14 -0.166715639997 -0.665030520112 946689242997
-0.173294595 -0.691284449909 30.2658798 120.1195471 0.18 0.02 0.0 -0.173294595 -0.691284449909 946689243997
-0.182644950136 -0.725643450651 30.2658797 120.119547 0.19 0.03 -0.05 -0.182644950136 -0.725643450651 946689244987
-0.196376670235 -0.769921231028 30.2658794 120.1195469 0.19 0.03 -0.15 -0.196376670235 -0.769921231028 946689245986
-0.217672549843 -0.864961974238 30.2658793 120.1195468 0.2 0.03 -0.22 -0.217672549843 -0.864961974238 946689246993
-0.232465604856 -0.917817569141 30.2658793 120.1195467 0.2 0.04 -0.29 -0.232465604856 -0.917817569141 946689247996
-0.24308505 -0.956134529957 30.2658792 120.1195466 0.2 0.04 -0.33 -0.24308505 -0.956134529957 946689248995
-0.257139630124 -1.00388350538 30.2658792 120.1195466 0.2 0.04 -0.33 -0.257139630124 -1 946689249987
-0.265002330041 -1.03470759005 30.265879 120.1195465 0.21 0.03 -0.36 -0.265002330041 -1 946689250994
-0.269447310355 -1.06281994648 30.2658788 120.1195464 0.2 0.03 -0.36 -0.269447310355 -1 946689251989
