-1.36194749977 0.932177400527 30.2658853 120.119557 0.19 0.01 1.83 -1 0.932177400527 946690284456
-1.35652159991 0.93866450016 30.2658854 120.1195571 0.17 0.07 1.47 -1 0.93866450016 946690285454
-1.35915749996 0.942349199825 30.2658853 120.1195572 0.16 0.13 1.03 -1 0.942349199825 946690286456
-1.35512832001 0.94375007981 30.2658854 120.1195572 0.16 0.15 0.89 -1 0.94375007981 946690287447
-1.34967628015 0.950220519446 30.2658855 120.1195573 0.16 0.17 0.67 -1 0.950220519446 946690288453
-1.34967628015 0.950220519446 30.2658855 120.1195573 0.15 0.17 0.54 -1 0.950220519446 946690289453
-1.34559971995 0.951617819511 30.2658856 120.1195573 0.15 0.18 0.38 -1 0.951617819511 946690290457
-1.34559971995 0.951617819511 30.2658856 120.1195573 0.15 0.18 0.38 -1 0.951617819511 946690291452
-1.30564147992 1.06932628042 30.2658857 120.1195574 0.15 0.17 0.29 -1 1 946690292455
-1.30472064021 1.0813900795 30.2658858 120.1195576 0.15 0.16 0.15 -1 1 946690293451
-1.31425578031 1.17904427953 30.2658859 120.1195576 0.16 0.13 0.0 -1 1 946690294446
-1.28524187966 1.22747820029 30.2658858 120.1195577 0.16 0.12 -0.02 -1 1 946690295452
-1.06912036039 1.12377188022 30.2658858 120.1195576 0.17 0.1 -0.05 -1 1 946690296449
-0.88926432049 0.960723060224 30.2658858 120.1195576 0.17 0.1 -0.05 -0.88926432049 0.960723060224 946690297453
-0.644124979755 0.714099559816 30.2658858 120.1195577 0.16 0.09 -0.03 -0.644124979755 0.714099559816 946690298454
-0.347817619032 0.390500199093 30.2658858 120.1195577 0.16 0.07 0.0 -0.347817619032 0.390500199093 946690299450
-0.0176144000263 0.0200560000264 30.265886 120.1195578 0.17 0.03 0.03 -0.0176144000263 0.0200560000264 946690300451
0.363375002337 -0.41809500295 30.2658861 120.1195579 0.17 0.0 0.08 0.363375002337 -0.41809500295 946690301449
1.35845376103 -1.57143168141 30.2658862 120.1195579 0.18 0.0 0.08 1 -1 946690302454
1.92129300253 -2.21627940382 30.2658862 120.1195579 0.18 0.0 0.08 1 -1 946690303449
3.33180300133 -3.79642140149 30.2658863 120.119558 0.17 0.0 0.08 1 -1 946690304453
4.18384262262 -4.73338412433 30.2658864 120.119558 0.18 -0.01 0.08 1 -1 946690305449
5.12326367945 -5.77656575993 30.2658866 120.119558 0.17 -0.01 0.11 1 -1 946690306451
7.17249782074 -8.05372228181 30.2658868 120.119558 0.17 -0.02 0.1 1 -1 946690307453
8.35911252042 -9.40086378178 30.2658869 120.1195581 0.18 -0.02 0.06 1 -1 946690308454
9.54604671612 -10.7984435136 30.2658871 120.1195583 0.17 -0.02 0.01 1 -1 946690309454
10.738982998 -12.2013125981 30.2658873 120.1195584 0.17 -0.02 -0.04 1 -1 946690310460
13.4327893235 -15.2874505872 30.2658874 120.1195586 0.17 -0.02 -0.09 1 -1 946690311449
14.8037071222 -16.915754346 30.2658875 120.1195586 0.17 -0.02 -0.11 1 -1 946690312453
16.1960489208 -18.5363987012 30.2658877 120.1195586 0.17 -0.02 -0.16 1 -1 946690313456
19.2656832418 -22.1626013855 30.2658878 120.1195587 0.17 -0.02 -0.18 1 -1 946690314453
20.8142380835 -24.0586636886 30.2658878 120.1195586 0.17 -0.02 -0.21 1 -1 946690315449
23.3475027249 -27.3842204918 30.2658878 120.1195586 0.17 -0.02 -0.21 1 -1 946690316455
24.3755558247 -28.8665330884 30.265888 120.1195587 0.17 -0.01 -0.21 1 -1 946690317450
25.2263921749 -30.0742719092 30.265888 120.1195588 0.18 -0.01 -0.2 1 -1 946690318454
25.3450722136 -30.1463775084 30.2658881 120.1195589 0.18 -0.02 -0.18 1 -1 946690319456
24.9162698361 -29.5378360109 30.2658882 120.1195589 0.18 -0.02 -0.17 1 -1 946690320453
24.0491248207 -28.3785259234 30.2658883 120.1195589 0.18 -0.02 -0.16 1 -1 946690321455
23.7500238485 -28.1009617003 30.2658885 120.119559 0.18 -0.02 -0.12 1 -1 946690322449
23.4313120739 -27.8590600069 30.2658887 120.119559 0.18 -0.02 -0.08 1 -1 946690323452
21.6946918791 -25.7787046159 30.2658888 120.1195591 0.18 -0.02 -0.04 1 -1 946690324450
19.8803059171 -23.4860476748 30.2658889 120.1195592 0.17 -0.02 -0.01 1 -1 946690325456
