0.0469982520175 -0.00373001991661 30.2659745 120.1195797 0.0 -0.06 0.62 0.0469982520175 -0.00373001991661 946688947105
0.0469952280174 -0.00522169198746 30.2659745 120.1195795 -0.02 -0.07 1.24 0.0469952280174 -0.00522169198746 946688948103
0.0469952280174 -0.00522169198746 30.2659745 120.1195795 -0.02 -0.07 1.52 0.0469952280174 -0.00522169198746 946688949100
0.0469911960177 -0.00671302788468 30.2659745 120.1195793 -0.03 -0.08 1.99 0.0469911960177 -0.00671302788468 946688950105
0.0477208320099 -0.00671074188474 30.2659746 120.1195793 -0.02 -0.07 2.31 0.0477208320099 -0.00671074188474 946688951100
0.0484445000443 -0.00819829995543 30.2659747 120.1195791 -0.01 -0.06 2.44 0.0484445000443 -0.00819829995543 946688952100
0.0491725079941 -0.00819541795565 30.2659748 120.1195791 0.0 -0.06 2.47 0.0491725079941 -0.00819541795565 946688953098
0.0498997240286 -0.00819249195552 30.2659749 120.1195791 0.01 -0.05 2.41 0.0498997240286 -0.00819249195552 946688954105
0.0513451080127 -0.00967371602625 30.2659751 120.1195789 0.04 -0.01 1.94 0.0513451080127 -0.00967371602625 946688955097
0.031096043969 -0.0525671219978 30.2659752 120.1195788 0.07 0.0 1.44 0.031096043969 -0.0525671219978 946688956102
0.0244083179971 -0.0576923879854 30.2659752 120.1195786 0.1 0.02 0.79 0.0244083179971 -0.0576923879854 946688957095
0.025143408032 -0.0576819359849 30.2659753 120.1195786 0.1 0.03 0.39 0.025143408032 -0.0576819359849 946688958101
0.0191929400096 -0.0627461499735 30.2659753 120.1195785 0.12 0.07 -0.82 0.0191929400096 -0.0627461499735 946688959113
0.0169693080324 -0.0641882520405 30.2659753 120.1195785 0.13 0.07 -1.08 0.0169693080324 -0.0641882520405 946688960104
0.0169772660337 -0.0634802119244 30.2659753 120.1195786 0.14 0.09 -1.53 0.0169772660337 -0.0634802119244 946688961101
0.0147540800138 -0.064917951992 30.2659753 120.1195786 0.14 0.09 -1.53 0.0147540800138 -0.064917951992 946688962097
0.0154900619631 -0.0649107359925 30.2659754 120.1195786 0.14 0.09 -1.71 0.0154900619631 -0.0649107359925 946688963101
0.0162180039967 -0.0656091981078 30.2659755 120.1195785 0.13 0.08 -1.97 0.0162180039967 -0.0656091981078 946688964102
0.0176879519809 -0.0655928221079 30.2659757 120.1195785 0.11 0.08 -2.1 0.0176879519809 -0.0655928221079 946688965103
0.02203559998 -0.0690448798662 30.2659756 120.1195786 0.1 0.06 -2.05 0.02203559998 -0.0690448798662 946688966101
0.0220468199792 -0.0683451419142 30.2659756 120.1195787 0.08 0.04 -1.81 0.0220468199792 -0.0683451419142 946688967096
0.0249040479892 -0.0717822559989 30.2659756 120.1195787 0.08 0.04 -1.81 0.0249040479892 -0.0717822559989 946688968103
0.0263303999756 -0.0731399999039 30.2659756 120.1195786 0.06 0.03 -1.62 0.0263303999756 -0.0731399999039 946688969102
0.027751248001 -0.0744901919692 30.2659756 120.1195786 0.05 0.01 -1.39 0.027751248001 -0.0744901919692 946688970099
0.0277040520006 -0.0765506699872 30.2659755 120.1195786 0.02 -0.02 -0.55 0.0277040520006 -0.0765506699872 946688971101
0.0277040520006 -0.0765506699872 30.2659755 120.1195786 0.02 -0.02 -0.55 0.0277040520006 -0.0765506699872 946688972096
0.0269805479663 -0.076566419988 30.2659754 120.1195786 0.0 -0.05 -0.21 0.0269805479663 -0.076566419988 946688973096
0.0290636799453 -0.079925119913 30.2659754 120.1195786 -0.01 -0.07 0.47 0.0290636799453 -0.079925119913 946688974108
0.0310447960047 -0.0859146679652 30.2659755 120.1195786 -0.03 -0.08 1.12 0.0310447960047 -0.0859146679652 946688975100
0.0324728999845 -0.0858727801205 30.2659754 120.1195788 -0.04 -0.09 1.9 0.0324728999845 -0.0858727801205 946688976106
0.0324728999845 -0.0858727801205 30.2659754 120.1195788 -0.04 -0.09 2.09 0.0324728999845 -0.0858727801205 946688977101
0.0415863479685 -0.0881917380916 30.2659754 120.1195789 -0.03 -0.07 2.42 0.0415863479685 -0.0881917380916 946688978096
0.0427481999561 -0.0933335700355 30.2659754 120.1195789 -0.03 -0.07 2.42 0.0427481999561 -0.0933335700355 946688979097
0.0427481999561 -0.0933335700355 30.2659754 120.1195789 -0.03 -0.07 2.42 0.0427481999561 -0.0933335700355 946688980094
0.0367996720129 -0.101199098097 30.2659753 120.1195789 -0.01 -0.06 2.39 0.0367996720129 -0.101199098097 946688981120
0.0368293120178 -0.100572351995 30.2659753 120.119579 0.0 -0.05 2.2 0.0368293120178 -0.100572351995 946688982100
0.0303017559957 -0.106408492186 30.2659752 120.1195789 0.04 -0.02 1.51 0.0303017559957 -0.106408492186 946688983101
0.0281589599813 -0.107708022102 30.2659752 120.1195789 0.05 -0.01 1.24 0.0281589599813 -0.107708022102 946688984096
0.0281589599813 -0.107708022102 30.2659752 120.1195789 0.06 0.0 0.89 0.0281589599813 -0.107708022102 946688985096
0.0260185479665 -0.108996620018 30.2659751 120.1195789 0.08 0.02 0.53 0.0260185479665 -0.108996620018 946688986109
0.0266686280029 -0.110183541934 30.2659751 120.119579 0.09 0.03 0.2 0.0266686280029 -0.110183541934 946688987103
0.0266686280029 -0.110183541934 30.2659751 120.119579 0.1 0.04 -0.14 0.0266686280029 -0.110183541934 946688988096
0.0273151319933 -0.111361691991 30.2659751 120.1195788 0.13 0.07 -0.98 0.0273151319933 -0.111361691991 946688989105
0.0287027879784 -0.111310811992 30.2659752 120.1195788 0.14 0.08 -1.43 0.0287027879784 -0.111310811992 946688990099
0.0278536799846 -0.114896430022 30.2659752 120.1195787 0.15 0.09 -1.8 0.0278536799846 -0.114896430022 946688991102
0.029120364011 -0.117174797996 30.2659753 120.1195786 0.15 0.08 -1.93 0.029120364011 -0.117174797996 946688992102
0.0296887479652 -0.119445427974 30.2659754 120.1195786 0.14 0.08 -2.04 0.0296887479652 -0.119445427974 946688993101
0.0329287680041 -0.12211084804 30.2659755 120.1195786 0.13 0.07 -2.09 0.0329287680041 -0.12211084804 946688994101
0.0362294220122 -0.123043319963 30.2659756 120.1195787 0.11 0.04 -1.86 0.0362294220122 -0.123043319963 946688995099
0.036901440005 -0.123004799964 30.2659756 120.1195787 0.11 0.04 -1.86 0.036901440005 -0.123004799964 946688996095
0.0375331000007 -0.123518019926 30.2659757 120.1195786 0.07 0.02 -1.48 0.0375331000007 -0.123518019926 946688997103
0.0374931699941 -0.124068308017 30.2659757 120.1195785 0.05 0.01 -1.23 0.0374931699941 -0.124068308017 946688998102
0.0361526779695 -0.124146932018 30.2659757 120.1195784 0.03 0.0 -0.94 0.0361526779695 -0.124146932018 946688999104
0.0361526779695 -0.124146932018 30.2659757 120.1195784 0.02 -0.01 -0.65 0.0361526779695 -0.124146932018 946689000099
0.0399041780122 -0.127152295919 30.2659759 120.1195783 -0.02 -0.04 0.37 0.0399041780122 -0.127152295919 946689001108
0.0399041780122 -0.127152295919 30.2659759 120.1195783 -0.04 -0.06 1.01 0.0399041780122 -0.127152295919 946689002113
0.0399041780122 -0.127152295919 30.2659759 120.1195783 -0.04 -0.07 1.57 0.0399041780122 -0.127152295919 946689003104
0.0399041780122 -0.127152295919 30.2659759 120.1195783 -0.04 -0.07 1.57 0.0399041780122 -0.127152295919 946689004099
0.0391537119766 -0.128262159972 30.2659758 120.1195781 -0.05 -0.07 1.82 0.0391537119766 -0.128262159972 946689005101
0.0397248180038 -0.12927398402 30.2659759 120.1195779 -0.04 -0.07 2.31 0.0397248180038 -0.12927398402 946689006102
0.0410421419896 -0.129181824021 30.2659761 120.1195779 -0.03 -0.06 2.44 0.0410421419896 -0.129181824021 946689007099
0.0363777699909 -0.137574112049 30.2659762 120.1195779 -0.02 -0.05 2.43 0.0363777699909 -0.137574112049 946689008095
0.0363777699909 -0.137574112049 30.2659762 120.1195779 -0.01 -0.03 2.39 0.0363777699909 -0.137574112049 946689009108
0.0370267519838 -0.13752793605 30.2659762 120.1195779 0.0 -0.02 2.23 0.0370267519838 -0.13752793605 946689010099
0.0370267519838 -0.13752793605 30.2659762 120.1195779 0.0 -0.02 2.09 0.0370267519838 -0.13752793605 946689011095
0.0376750619768 -0.13748092805 30.2659763 120.1195779 0.02 0.0 1.86 0.0376750619768 -0.13748092805 946689012101
0.0377223719846 -0.13699177197 30.2659763 120.119578 0.04 0.0 1.34 0.0377223719846 -0.13699177197 946689013110
0.0383708279777 -0.136944161971 30.2659764 120.119578 0.05 0.02 0.98 0.0383708279777 -0.136944161971 946689014103
0.0383708279777 -0.136944161971 30.2659764 120.119578 0.05 0.02 0.98 0.0383708279777 -0.136944161971 946689015095
0.0383226879698 -0.137433088051 30.2659764 120.1195779 0.08 0.04 0.28 0.0383226879698 -0.137433088051 946689016109
0.0377223719846 -0.13699177197 30.2659763 120.119578 0.1 0.06 -0.35 0.0377223719846 -0.13699177197 946689017104
0.0364234199983 -0.137084507969 30.2659761 120.119578 0.13 0.07 -0.92 0.0364234199983 -0.137084507969 946689018103
0.0351218280122 -0.137173931968 30.2659759 120.119578 0.14 0.09 -1.39 0.0351218280122 -0.137173931968 946689019102
0.0345130239782 -0.136724672004 30.2659758 120.1195781 0.14 0.08 -1.6 0.0345130239782 -0.136724672004 946689020107
0.0338598179852 -0.136767108004 30.2659757 120.1195781 0.14 0.08 -1.75 0.0338598179852 -0.136767108004 946689021101
0.0325515819992 -0.136849508003 30.2659755 120.1195781 0.14 0.08 -1.89 0.0325515819992 -0.136849508003 946689022104
0.0312409940132 -0.136928612002 30.2659753 120.1195781 0.13 0.08 -2.0 0.0312409940132 -0.136928612002 946689023098
0.0312409940132 -0.136928612002 30.2659753 120.1195781 0.13 0.07 -2.05 0.0312409940132 -0.136928612002 946689024102
0.0312796280196 -0.13643241992 30.2659753 120.1195782 0.13 0.08 -2.09 0.0312796280196 -0.13643241992 946689025095
0.0312409940132 -0.136928612002 30.2659753 120.1195781 0.11 0.06 -1.98 0.0312409940132 -0.136928612002 946689026104
0.0306226599882 -0.136470549922 30.2659752 120.1195782 0.09 0.06 -1.86 0.0306226599882 -0.136470549922 946689027102
0.0299281499891 -0.137004420003 30.2659751 120.1195781 0.08 0.04 -1.52 0.0299281499891 -0.137004420003 946689028103
0.0292345679986 -0.137535353969 30.265975 120.119578 0.05 0.02 -1.0 0.0292345679986 -0.137535353969 946689029110
0.0298909799917 -0.137498507969 30.2659751 120.119578 0.03 0.0 -0.68 0.0298909799917 -0.137498507969 946689030099
0.0298536299856 -0.13799011205 30.2659751 120.1195779 0.03 -0.01 -0.34 0.0298536299856 -0.13799011205 946689031097
0.0298536299856 -0.13799011205 30.2659751 120.1195779 0.03 -0.01 -0.34 0.0298536299856 -0.13799011205 946689032095
0.0304317599838 -0.138927599983 30.2659752 120.1195777 0.0 -0.03 0.36 0.0304317599838 -0.138927599983 946689033099
0.0310450040176 -0.139372251948 30.2659753 120.1195776 0.0 -0.05 0.7 0.0310450040176 -0.139372251948 946689034105
0.0316964159728 -0.139332161951 30.2659754 120.1195776 -0.01 -0.06 1.02 0.0316964159728 -0.139332161951 946689035104
0.0317368319699 -0.138848639984 30.2659754 120.1195777 -0.01 -0.07 1.31 0.0317368319699 -0.138848639984 946689036096
0.0304317599838 -0.138927599983 30.2659752 120.1195777 -0.02 -0.08 1.82 0.0304317599838 -0.138927599983 946689037108
0.0297783899908 -0.138965819983 30.2659751 120.1195777 -0.02 -0.08 2.2 0.0297783899908 -0.138965819983 946689038103
0.0304703079811 -0.138441182016 30.2659752 120.1195778 -0.01 -0.08 2.42 0.0304703079811 -0.138441182016 946689039096
0.0304317599838 -0.138927599983 30.2659752 120.1195777 -0.01 -0.07 2.43 0.0304317599838 -0.138927599983 946689040096
0.0310845780148 -0.138888539981 30.2659753 120.1195777 -0.01 -0.07 2.43 0.0310845780148 -0.138888539981 946689041100
0.0310845780148 -0.138888539981 30.2659753 120.1195777 0.0 -0.06 2.36 0.0310845780148 -0.138888539981 946689042098
0.033039599994 -0.138766319982 30.2659756 120.1195777 0.02 -0.04 1.85 0.033039599994 -0.138766319982 946689043114
0.0336900899871 -0.138723899983 30.2659757 120.1195777 0.03 -0.03 1.62 0.0336900899871 -0.138723899983 946689044102
0.0343399679802 -0.138680639983 30.2659758 120.1195777 0.05 -0.01 1.3 0.0343399679802 -0.138680639983 946689045099
0.0342961839832 -0.13916336195 30.2659758 120.1195776 0.06 0.0 0.96 0.0342961839832 -0.13916336195 946689046099
0.0349445960141 -0.139119051948 30.2659759 120.1195776 0.07 0.0 0.62 0.0349445960141 -0.139119051948 946689047096
0.0355466880104 -0.139553663916 30.265976 120.1195775 0.08 0.01 0.24 0.0355466880104 -0.139553663916 946689048099
0.0361929700037 -0.139507447917 30.2659761 120.1195775 0.09 0.02 -0.06 0.0361929700037 -0.139507447917 946689049101
0.0368859679936 -0.13898105795 30.2659762 120.1195776 0.1 0.03 -0.37 0.0368859679936 -0.13898105795 946689050113
0.0374835419902 -0.139412471918 30.2659763 120.1195775 0.11 0.05 -1.19 0.0374835419902 -0.139412471918 946689051096
0.0374835419902 -0.139412471918 30.2659763 120.1195775 0.11 0.05 -1.41 0.0374835419902 -0.139412471918 946689052111
0.0374835419902 -0.139412471918 30.2659763 120.1195775 0.12 0.06 -1.62 0.0374835419902 -0.139412471918 946689053102
0.0374835419902 -0.139412471918 30.2659763 120.1195775 0.12 0.06 -1.62 0.0374835419902 -0.139412471918 946689054098
0.0387212280059 -0.139790195994 30.2659765 120.1195774 0.12 0.06 -2.0 0.0387212280059 -0.139790195994 946689055101
0.0400045319922 -0.139687955995 30.2659767 120.1195774 0.12 0.06 -2.08 0.0400045319922 -0.139687955995 946689056105
0.0413384579873 -0.139107191918 30.2659769 120.1195775 0.11 0.03 -2.0 0.0413384579873 -0.139107191918 946689057104
0.0419239680089 -0.139528205994 30.265977 120.1195774 0.1 0.02 -1.69 0.0419239680089 -0.139528205994 946689058107
0.0431434079992 -0.139889231963 30.2659772 120.1195773 0.08 -0.01 -1.22 0.0431434079992 -0.139889231963 946689059104
0.0425067500059 -0.139945299962 30.2659771 120.1195773 0.07 -0.02 -0.96 0.0425067500059 -0.139945299962 946689060102
0.0494559220345 -0.150858352037 30.265977 120.1195773 0.06 -0.05 -0.31 0.0494559220345 -0.150858352037 946689061097
0.0499262980568 -0.151574804069 30.265977 120.1195775 0.03 -0.06 0.4 0.0499262980568 -0.151574804069 946689062106
0.049643568043 -0.15180859208 30.2659769 120.1195775 0.02 -0.07 0.72 0.049643568043 -0.15180859208 946689063110
0.0472865279868 -0.148027391993 30.2659769 120.1195776 0.01 -0.08 1.34 0.0472865279868 -0.148027391993 946689064101
0.0481026259644 -0.145989787952 30.2659769 120.1195777 0.0 -0.08 1.6 0.0481026259644 -0.145989787952 946689065100
0.049107113953 -0.144982907963 30.2659769 120.1195778 -0.01 -0.09 2.04 0.049107113953 -0.144982907963 946689066103
0.0493538559646 -0.144726847951 30.265977 120.1195778 -0.01 -0.08 2.2 0.0493538559646 -0.144726847951 946689067106
0.0557295999696 -0.146638509975 30.2659773 120.1195788 0.15 0.07 -2.1 0.0557295999696 -0.146638509975 946689068104
0.0575233279943 -0.146614335965 30.2659774 120.1195789 0.14 0.06 -2.07 0.0575233279943 -0.146614335965 946689069095
0.0582829320342 -0.146409534027 30.2659776 120.119579 0.12 0.05 -1.96 0.0582829320342 -0.146409534027 946689070098
0.0561838179304 -0.145457491907 30.2659777 120.1195789 0.11 0.04 -1.82 0.0561838179304 -0.145457491907 946689071105
0.0566567099245 -0.144903827912 30.2659779 120.1195789 0.09 0.01 -1.42 0.0566567099245 -0.144903827912 946689072101
0.053278720012 -0.143186560034 30.2659783 120.119579 0.06 -0.01 -0.87 0.053278720012 -0.143186560034 946689073105
0.052395518035 -0.14124009204 30.2659786 120.1195792 0.03 -0.05 0.17 0.052395518035 -0.14124009204 946689074108
0.0528351460307 -0.140677628046 30.2659788 120.1195792 0.0 -0.07 0.85 0.0528351460307 -0.140677628046 946689075112
0.0487076520807 -0.135231804162 30.2659789 120.1195792 0.0 -0.08 1.15 0.0487076520807 -0.135231804162 946689076097
0.0475510280377 -0.133201948053 30.265979 120.1195792 -0.01 -0.09 1.43 0.0475510280377 -0.133201948053 946689077101
0.0487076719915 -0.133352101992 30.2659793 120.1195794 -0.02 -0.1 1.93 0.0487076719915 -0.133352101992 946689078101
0.0487076719915 -0.133352101992 30.2659793 120.1195794 -0.02 -0.1 2.12 0.0487076719915 -0.133352101992 946689079102
0.049192109969 -0.13356403196 30.2659794 120.1195795 0.0 -0.08 2.43 0.049192109969 -0.13356403196 946689080101
0.0492954479511 -0.134360153923 30.2659793 120.1195796 0.0 -0.07 2.46 0.0492954479511 -0.134360153923 946689081106
0.0495883519991 -0.134856128005 30.2659793 120.1195797 0.02 -0.05 2.29 0.0495883519991 -0.134856128005 946689082100
0.0484545320514 -0.127438220084 30.2659798 120.11958 0.15 0.08 -1.47 0.0484545320514 -0.127438220084 946689083105
0.0487690460297 -0.127983508045 30.2659798 120.1195801 0.15 0.08 -1.64 0.0487690460297 -0.127983508045 946689084102
0.049082868008 -0.128523348008 30.2659798 120.1195802 0.15 0.08 -1.95 0.049082868008 -0.128523348008 946689085109
-0.0182826421 0.0525304083069 30.2659797 120.1195803 0.13 0.07 -2.07 -0.0182826421 0.0525304083069 946689086112
-0.0180277880272 0.0514718620719 30.2659798 120.1195804 0.13 0.06 -2.04 -0.0180277880272 0.0514718620719 946689087102
-0.0191181639999 0.0535834780185 30.2659797 120.1195804 0.12 0.05 -1.93 -0.0191181639999 0.0535834780185 946689088102
-0.0183469779932 0.0504749439909 30.2659797 120.1195805 0.11 0.04 -1.79 -0.0183469779932 0.0504749439909 946689089099
-0.0178442999997 0.0479813399903 30.2659796 120.1195805 0.1 0.02 -1.63 -0.0178442999997 0.0479813399903 946689090100
-0.0167468539011 0.0453591917189 30.2659794 120.1195806 0.07 -0.01 -1.11 -0.0167468539011 0.0453591917189 946689091099
-0.0172860679894 0.0468971799703 30.2659794 120.1195805 0.05 -0.02 -0.8 -0.0172860679894 0.0468971799703 946689092096
-0.0157191499417 0.0398664398481 30.2659793 120.1195807 0.02 -0.04 -0.14 -0.0157191499417 0.0398664398481 946689093101
-0.0157191499417 0.0398664398481 30.2659793 120.1195807 0.01 -0.05 0.24 -0.0157191499417 0.0398664398481 946689094096
-0.0148753799835 0.0378241499568 30.2659792 120.1195807 0.0 -0.07 0.89 -0.0148753799835 0.0378241499568 946689095104
-0.0145941879703 0.0372684199305 30.2659791 120.1195807 0.0 -0.08 1.19 -0.0145941879703 0.0372684199305 946689096094
-0.0170507519762 0.0450199679334 30.265979 120.1195807 -0.02 -0.08 1.72 -0.0170507519762 0.0450199679334 946689097103
-0.0165021840141 0.0434991780383 30.265979 120.1195808 -0.02 -0.08 1.95 -0.0165021840141 0.0434991780383 946689098099
-0.0244431000403 0.0670284121269 30.2659789 120.1195808 -0.03 -0.08 2.26 -0.0244431000403 0.0670284121269 946689099099
-0.0153653219977 0.0502421640059 30.2659757 120.1195821 0.1 0.04 -0.36 -0.0153653219977 0.0502421640059 946689100105
-0.0177059799995 0.0598174999989 30.2659755 120.1195821 0.11 0.06 -0.67 -0.0177059799995 0.0598174999989 946689101101
-0.0177059799995 0.0598174999989 30.2659755 120.1195821 0.12 0.06 -0.94 -0.0177059799995 0.0598174999989 946689102104
-0.0161095479506 0.0551442218312 30.2659752 120.1195823 0.13 0.07 -1.62 -0.0161095479506 0.0551442218312 946689103101
-0.190810957964 0.647366731938 30.2659752 120.1195823 0.13 0.07 -1.78 -0.190810957964 0.647366731938 946689104099
-0.188971788032 0.642964986194 30.2659751 120.1195824 0.13 0.07 -2.02 -0.188971788032 0.642964986194 946689105107
-0.188971788032 0.642964986194 30.2659751 120.1195824 0.13 0.06 -2.07 -0.188971788032 0.642964986194 946689106101
-0.205495201764 0.688774431107 30.2659751 120.1195826 0.12 0.05 -2.02 -0.205495201764 0.688774431107 946689107104
-0.204637531824 0.685090867363 30.2659751 120.1195827 0.11 0.04 -1.96 -0.204637531824 0.685090867363 946689108103
-0.203574167836 0.684235397372 30.265975 120.1195827 0.1 0.03 -1.83 -0.203574167836 0.684235397372 946689109101
-0.199967181826 0.672399607291 30.2659749 120.119583 0.08 0.01 -1.44 -0.199967181826 0.672399607291 946689110098
-0.198076499836 0.667913957504 30.2659748 120.1195831 0.05 -0.01 -0.88 -0.198076499836 0.667913957504 946689111111
-0.197035691908 0.667072643562 30.2659747 120.1195831 0.02 -0.05 0.16 -0.197035691908 0.667072643562 946689112110
-0.196196561966 0.663443795813 30.2659747 120.1195832 0.0 -0.08 0.85 -0.196196561966 0.663443795813 946689113106
-0.195358427829 0.659825051221 30.2659747 120.1195833 -0.01 -0.09 1.44 -0.195358427829 0.659825051221 946689114103
-0.153651071878 0.554775551558 30.2659724 120.1195858 0.06 0.0 0.86 -0.153651071878 0.554775551558 946689115099
-0.225587075933 0.802797731806 30.2659724 120.1195858 0.06 0.0 0.86 -0.225587075933 0.802797731806 946689116104
-0.223566768005 0.797933424091 30.2659723 120.1195859 0.1 0.02 0.14 -0.223566768005 0.797933424091 946689117107
-0.227847492041 0.83169022839 30.2659723 120.119586 0.11 0.03 -0.18 -0.227847492041 0.83169022839 946689118095
-0.233685900048 0.84985362025 30.2659723 120.1195861 0.11 0.04 -0.5 -0.233685900048 0.84985362025 946689119098
-0.232813210108 0.845729620533 30.2659723 120.1195862 0.13 0.05 -1.05 -0.232813210108 0.845729620533 946689120096
-0.253525060012 0.91410430011 30.2659722 120.1195863 0.14 0.06 -1.5 -0.253525060012 0.91410430011 946689121102
-0.247607125846 0.906222031396 30.2659718 120.1195864 0.13 0.06 -1.95 -0.247607125846 0.906222031396 946689122108
-0.247958831894 0.902850101681 30.2659719 120.1195865 0.12 0.06 -2.07 -0.247958831894 0.902850101681 946689123108
-0.252811691841 0.920884355484 30.2659719 120.1195866 0.12 0.05 -2.06 -0.252811691841 0.920884355484 946689124104
-0.661079789671 2.41766323029 30.2659718 120.1195866 0.11 0.04 -2.01 -0.661079789671 1 946689125098
-0.658983314199 2.42960621275 30.2659716 120.1195868 0.1 0.02 -1.73 -0.658983314199 1 946689126097
-0.657928751981 2.43560163017 30.2659715 120.1195869 0.08 0.0 -1.27 -0.657928751981 1 946689127103
-0.654372800269 2.44017728143 30.2659712 120.119587 0.06 -0.01 -0.65 -0.654372800269 1 946689128104
-0.668745268011 2.46839415791 30.2659711 120.119587 0.05 -0.03 -0.32 -0.668745268011 1 946689129106
-0.694434648058 2.5777589937 30.2659708 120.1195862 0.0 -0.03 0.16 -0.694434648058 1 946689130106
-0.709363199985 2.60690975984 30.2659709 120.1195862 0.0 -0.04 0.53 -0.709363199985 1 946689131099
-0.729067392105 2.65974585627 30.265971 120.119586 -0.01 -0.05 1.16 -0.729067392105 1 946689132098
-0.729067392105 2.65974585627 30.265971 120.119586 -0.01 -0.05 1.16 -0.729067392105 1 946689133103
-0.76989342217 2.78185055207 30.2659714 120.1195859 -0.03 -0.06 1.93 -0.76989342217 1 946689134119
-0.779802491972 2.79468138546 30.2659717 120.1195858 -0.04 -0.06 2.28 -0.779802491972 1 946689135104
-0.780982150052 2.78822284 30.2659718 120.1195859 -0.03 -0.06 2.44 -0.780982150052 1 946689136100
-0.782585459942 2.79628297145 30.2659718 120.1195858 -0.02 -0.06 2.4 -0.782585459942 1 946689137106
-0.785372447912 2.79788934543 30.2659719 120.1195858 -0.02 -0.05 2.37 -0.785372447912 1 946689138100
-0.788163468044 2.79950050751 30.265972 120.1195858 0.0 -0.03 2.06 -0.788163468044 1 946689139096
-0.789340864125 2.79305228805 30.2659721 120.1195859 0.01 -0.02 1.86 -0.789340864125 1 946689140097
-0.794933600066 2.79629584001 30.2659723 120.1195859 0.02 -0.01 1.54 -0.794933600066 1 946689141097
-0.797736082036 2.79792479199 30.2659724 120.1195859 0.04 0.0 1.25 -0.797736082036 1 946689142102
-0.804523120222 2.79478235059 30.2659727 120.119586 0.08 0.01 0.17 -0.804523120222 1 946689143107
-0.805688849922 2.78838401926 30.2659728 120.1195861 0.11 0.03 -0.47 -0.805688849922 1 946689144106
-0.809663427976 2.78365553178 30.265973 120.1195862 0.12 0.05 -1.03 -0.809663427976 1 946689145107
-0.844789487757 2.72825457446 30.2659749 120.1195873 0.1 0.04 -0.04 -0.844789487757 1 946689146116
-0.844789487757 2.72825457446 30.2659749 120.1195873 0.11 0.05 -0.36 -0.844789487757 1 946689147104
-0.84937158801 2.73789261174 30.265975 120.1195872 0.13 0.06 -0.93 -0.84937158801 1 946689148099
-0.856833497829 2.74929772715 30.2659752 120.1195871 0.13 0.07 -1.19 -0.856833497829 1 946689149100
-0.859702399964 2.75104767924 30.2659753 120.1195871 0.14 0.07 -1.4 -0.859702399964 1 946689150105
-0.864333540054 2.76074190042 30.2659754 120.119587 0.15 0.08 -1.6 -0.864333540054 1 946689151096
-0.864333540054 2.76074190042 30.2659754 120.119587 0.15 0.07 -1.77 -0.864333540054 1 946689152102
-0.87299454013 2.76603885046 30.2659757 120.119587 0.14 0.07 -2.0 -0.87299454013 1 946689153104
-0.87299454013 2.76603885046 30.2659757 120.119587 0.13 0.05 -2.06 -0.87299454013 1 946689154106
-0.871871834039 2.77222518793 30.2659756 120.1195869 0.13 0.03 -1.95 -0.871871834039 1 946689155109
-0.874768048008 2.77399707192 30.2659757 120.1195869 0.11 0.02 -1.77 -0.874768048008 1 946689156104
-0.888191891929 2.78911051739 30.2659761 120.1195868 0.08 0.0 -1.1 -0.888191891929 1 946689157114
-0.897654999616 2.80871524825 30.2659763 120.1195866 0.04 -0.03 -0.43 -0.897654999616 1 946689158102
-0.899463039913 2.81673951956 30.2659763 120.1195865 0.01 -0.06 0.27 -0.899463039913 1 946689159105
-0.889987391805 2.79710323084 30.2659761 120.1195867 0.0 -0.08 0.94 -0.889987391805 1 946689160102
-0.982656036049 2.93085718219 30.2659785 120.1195856 -0.03 -0.07 2.12 -0.982656036049 1 946689161105
-0.979567612261 2.92893158832 30.2659784 120.1195856 -0.03 -0.07 2.27 -0.979567612261 1 946689162097
-0.985749284196 2.93278757228 30.2659786 120.1195856 -0.03 -0.06 2.36 -0.985749284196 1 946689163096
-0.987682878063 2.94099119971 30.2659786 120.1195855 -0.02 -0.06 2.4 -0.987682878063 1 946689164100
-0.984584831916 2.93905919962 30.2659785 120.1195855 -0.02 -0.06 2.4 -0.984584831916 1 946689165100
-0.98961808393 2.94920922715 30.2659786 120.1195854 0.0 -0.04 2.18 -0.98961808393 1 946689166103
-0.994667392214 2.95938169647 30.2659787 120.1195853 0.01 -0.04 1.99 -0.994667392214 1 946689167103
-0.98961808393 2.94920922715 30.2659786 120.1195854 0.05 -0.03 1.48 -0.98961808393 1 946689168104
-0.998555487947 2.97589308734 30.2659787 120.1195851 0.09 0.0 0.77 -0.998555487947 1 946689169111
-0.998555487947 2.97589308734 30.2659787 120.1195851 0.1 0.01 0.4 -0.998555487947 1 946689170097
-1.00481427188 2.97979404729 30.2659789 120.1195851 0.12 0.03 -0.25 -1 1 946689171104
-1.00991189189 2.99003397881 30.265979 120.119585 0.14 0.05 -0.84 -1 1 946689172096
-1.01383862808 3.0066418276 30.265979 120.1195848 0.14 0.06 -1.34 -1 1 946689173103
-1.02213108188 3.01891038298 30.2659792 120.1195847 0.13 0.05 -1.72 -1 1 946689174101
-1.01896531173 3.01693651089 30.2659791 120.1195847 0.14 0.06 -1.87 -1 1 946689175102
-1.01383862808 3.0066418276 30.265979 120.1195848 0.14 0.06 -1.99 -1 1 946689176101
-1.01383862808 3.0066418276 30.265979 120.1195848 0.14 0.06 -2.05 -1 1 946689177105
-0.927568565956 2.86180069129 30.265977 120.1195861 0.13 0.05 -1.89 -0.927568565956 1 946689178097
-0.922732227941 2.85186411376 30.2659769 120.1195862 0.13 0.05 -2.0 -0.922732227941 1 946689179098
-0.920891008068 2.84378777631 30.2659769 120.1195863 0.12 0.05 -2.07 -0.920891008068 1 946689180102
-0.916076699799 2.83388921901 30.2659768 120.1195864 0.12 0.05 -2.05 -0.916076699799 1 946689181101
-0.914936832131 2.84011641635 30.2659767 120.1195863 0.11 0.04 -2.05 -0.914936832131 1 946689182101
-0.914936832131 2.84011641635 30.2659767 120.1195863 0.11 0.04 -2.05 -0.914936832131 1 946689183097
-0.907180475896 2.82840823707 30.2659765 120.1195864 0.09 0.03 -1.83 -0.907180475896 1 946689184099
-0.907180475896 2.82840823707 30.2659765 120.1195864 0.08 0.02 -1.67 -0.907180475896 1 946689185102
-0.897654999616 2.80871524825 30.2659763 120.1195866 0.05 0.0 -1.15 -0.897654999616 1 946689186097
-0.894717427649 2.80691034627 30.2659762 120.1195866 0.04 0.0 -0.83 -0.894717427649 1 946689187103
-0.887063657837 2.79530935086 30.265976 120.1195867 0.03 -0.01 -0.48 -0.887063657837 1 946689188103
-0.880573952115 2.77755507198 30.2659759 120.1195869 0.02 -0.02 -0.13 -0.880573952115 1 946689189099
-0.880573952115 2.77755507198 30.2659759 120.1195869 0.01 -0.03 0.25 -0.880573952115 1 946689190101
-0.875890500099 2.76781398044 30.2659758 120.119587 0.0 -0.05 0.59 -0.875890500099 1 946689191104
-0.870103068161 2.76426846048 30.2659756 120.119587 -0.01 -0.07 1.21 -0.870103068161 1 946689192104
-0.866092821933 2.76869565187 30.2659754 120.1195869 -0.02 -0.08 1.73 -0.866092821933 1 946689193102
-0.867853587811 2.77666363532 30.2659754 120.1195868 -0.02 -0.09 1.96 -0.867853587811 1 946689194098
-0.863210000131 2.76693799999 30.2659753 120.1195869 -0.03 -0.09 2.14 -0.863210000131 1 946689195102
-0.858581820115 2.75723430045 30.2659752 120.119587 -0.02 -0.08 2.38 -0.858581820115 1 946689196103
-0.851108965891 2.74581203119 30.265975 120.1195871 -0.01 -0.07 2.38 -0.851108965891 1 946689197098
-0.843674139906 2.73442878767 30.2659748 120.1195872 0.0 -0.04 2.22 -0.843674139906 1 946689198097
-0.779501970201 2.66160382862 30.2659728 120.1195877 0.03 -0.11 0.21 -0.779501970201 1 946689199099
-0.779501970201 2.66160382862 30.2659728 120.1195877 0.03 -0.12 0.19 -0.779501970201 1 946689200101
-0.779501970201 2.66160382862 30.2659728 120.1195877 0.03 -0.12 0.19 -0.779501970201 1 946689201095
-0.775148271964 2.65217882535 30.2659727 120.1195878 0.04 -0.13 0.06 -0.775148271964 1 946689202094
-0.768093695975 2.64116428783 30.2659725 120.1195879 0.04 -0.13 -0.2 -0.768093695975 1 946689203108
-0.762674400034 2.63795615987 30.2659723 120.1195879 0.06 -0.11 -0.54 -0.762674400034 1 946689204098
