0.743589000291 -0.771916199576 30.265871 120.1195574 0.19 0.0 1.3 0.743589000291 -0.771916199576 946690077394
0.743129100215 -0.778516200657 30.265871 120.1195573 0.19 0.01 0.97 0.743129100215 -0.778516200657 946690078387
0.743129100215 -0.778516200657 30.265871 120.1195573 0.18 0.03 0.62 0.743129100215 -0.778516200657 946690079384
0.743129100215 -0.778516200657 30.265871 120.1195573 0.17 0.07 -0.38 0.743129100215 -0.778516200657 946690080401
0.735562879964 -0.792144639771 30.2658709 120.1195571 0.16 0.1 -1.2 0.735562879964 -0.792144639771 946690081392
0.735094879997 -0.79870885932 30.2658709 120.119557 0.15 0.1 -1.43 0.735094879997 -0.79870885932 946690082382
0.741724200312 -0.798236519298 30.265871 120.119557 0.16 0.1 -1.95 0.741724200312 -0.798236519298 946690083388
0.698534099863 -0.84670800073 30.2658711 120.1195571 0.16 0.1 -2.1 0.698534099863 -0.84670800073 946690084387
0.698056919896 -0.853180680283 30.2658711 120.119557 0.16 0.09 -2.14 0.698056919896 -0.853180680283 946690085384
0.689951359954 -0.872999680444 30.2658711 120.119557 0.17 0.08 -2.11 0.689951359954 -0.872999680444 946690086387
0.800880160203 -1.04521647919 30.265871 120.119557 0.17 0.07 -2.03 0.800880160203 -1 946690087385
0.983868120132 -1.31789741976 30.2658709 120.1195571 0.17 0.04 -1.76 0.983868120132 -1 946690088389
1.03275519979 -1.40320000009 30.2658709 120.1195572 0.18 0.01 -1.32 1 -1 946690089393
1.03459151966 -1.40007222031 30.2658709 120.1195573 0.18 0.0 -1.05 1 -1 946690090379
0.970102120372 -1.38068476015 30.2658708 120.1195574 0.18 -0.02 -0.78 0.970102120372 -1 946690091392
0.887767679185 -1.28003711967 30.2658708 120.1195573 0.18 -0.05 -0.11 0.887767679185 -1 946690092388
0.665106999576 -0.949186599649 30.2658708 120.1195574 0.19 -0.08 0.57 0.665106999576 -0.949186599649 946690093396
0.511594999668 -0.732024999663 30.2658707 120.1195574 0.2 -0.11 1.47 0.511594999668 -0.732024999663 946690094393
0.315398040822 -0.454288921185 30.2658705 120.1195574 0.22 -0.12 1.94 0.315398040822 -0.454288921185 946690095392
-0.233569620558 0.330415560908 30.2658705 120.1195574 0.22 -0.11 2.13 -0.233569620558 0.330415560908 946690096391
-0.644907079579 0.901887819441 30.2658705 120.1195574 0.21 -0.11 2.25 -0.644907079579 0.901887819441 946690097382
-1.08265344062 1.49188608135 30.2658705 120.1195575 0.21 -0.1 2.41 -1 1 946690098394
-1.6201573216 2.20531572247 30.2658706 120.1195576 0.21 -0.08 2.4 -1 1 946690099391
-2.92239553973 3.88862367927 30.2658706 120.1195577 0.2 -0.06 2.15 -1 1 946690100385
-2.92239553973 3.88862367927 30.2658706 120.1195577 0.19 -0.05 1.95 -1 1 946690101385
-4.62790691994 6.00949818049 30.2658706 120.1195577 0.18 -0.03 1.7 -1 1 946690102389
-4.61243328101 5.98095744245 30.2658706 120.1195578 0.17 0.0 1.1 -1 1 946690103389
-7.40280419639 9.32873699535 30.2658705 120.1195578 0.16 0.02 0.43 -1 1 946690104384
-8.42965848037 10.5635814608 30.2658704 120.1195577 0.15 0.05 -0.23 -1 1 946690105391
-9.64925279742 11.9884655937 30.2658704 120.1195577 0.14 0.06 -0.56 -1 1 946690106386
-12.2539507174 15.0911580537 30.2658704 120.1195577 0.14 0.06 -0.56 -1 1 946690107382
-13.4957539595 16.6173480185 30.2658702 120.1195578 0.13 0.08 -1.11 -1 1 946690108387
-14.9037922776 18.3632420364 30.2658701 120.1195578 0.13 0.11 -1.57 -1 1 946690109391
-14.861760398 18.3361989767 30.26587 120.1195578 0.12 0.11 -1.91 -1 1 946690110390
-19.6756505748 24.3908943122 30.2658699 120.1195578 0.12 0.11 -2.03 -1 1 946690111388
-21.316185523 26.645231908 30.2658697 120.1195576 0.13 0.1 -2.15 -1 1 946690112391
-21.2636090036 26.6122850084 30.2658696 120.1195576 0.13 0.09 -2.13 -1 1 946690113382
-24.6548377607 31.1552819211 30.2658694 120.1195576 0.14 0.06 -1.88 -1 1 946690114385
-27.8617906257 35.6708046094 30.2658694 120.1195576 0.15 0.03 -1.49 -1 1 946690115385
-29.2107456041 37.6805280098 30.2658692 120.1195576 0.18 -0.01 -0.66 -1 1 946690116391
-29.0828744055 37.6014280106 30.265869 120.1195576 0.19 -0.04 0.03 -1 1 946690117387
-31.796940995 41.8361998876 30.2658689 120.1195577 0.19 -0.06 0.71 -1 1 946690118388
-34.5990387619 46.1193361233 30.2658689 120.1195577 0.19 -0.06 1.04 -1 1 946690119390
-35.8388114995 47.9417543947 30.2658688 120.1195577 0.2 -0.07 1.32 -1 1 946690120386
-37.0598714266 49.7076065335 30.2658688 120.1195576 0.19 -0.08 1.58 -1 1 946690121384
-38.7981055023 52.1180968053 30.2658688 120.1195577 0.2 -0.09 1.82 -1 1 946690122389
-38.7981055023 52.1180968053 30.2658688 120.1195577 0.2 -0.09 2.03 -1 1 946690123382
-39.1102171162 52.6901536131 30.2658687 120.1195577 0.19 -0.09 2.41 -1 1 946690124386
-39.1574476839 52.7956185704 30.2658687 120.1195576 0.2 -0.08 2.47 -1 1 946690125390
-35.6321254853 47.600465233 30.2658687 120.1195575 0.19 -0.08 2.46 -1 1 946690126384
-31.2703331201 41.3164582441 30.2658687 120.1195575 0.19 -0.07 2.4 -1 1 946690127384
-31.2703331201 41.3164582441 30.2658687 120.1195575 0.2 -0.06 2.33 -1 1 946690128383
-31.2703331201 41.3164582441 30.2658687 120.1195575 0.19 -0.04 1.96 -1 1 946690129389
-31.3783830004 41.4478301999 30.2658688 120.1195574 0.17 -0.02 1.42 -1 1 946690130382
-31.3783830004 41.4478301999 30.2658688 120.1195574 0.17 -0.02 1.42 -1 1 946690131389
-31.4197833072 41.5380186147 30.2658688 120.1195573 0.17 0.01 0.76 -1 1 946690132391
-31.5281505236 41.669824228 30.2658689 120.1195572 0.17 0.04 0.07 -1 1 946690133389
-31.5696684808 41.7603289618 30.2658689 120.1195571 0.17 0.06 -0.25 -1 1 946690134385
-31.5951883629 41.7113478876 30.265869 120.1195572 0.16 0.07 -0.54 -1 1 946690135388
-31.6623326422 41.7529183871 30.2658691 120.1195572 0.15 0.08 -1.09 -1 1 946690136390
-31.7295834815 41.7945357267 30.2658692 120.1195572 0.14 0.09 -1.32 -1 1 946690137389
-31.8386463979 41.92684672 30.2658693 120.1195571 0.14 0.09 -1.72 -1 1 946690138385
-31.8386463979 41.92684672 30.2658693 120.1195571 0.14 0.09 -1.85 -1 1 946690139385
-31.864405324 41.8779109282 30.2658694 120.1195572 0.14 0.09 -2.07 -1 1 946690140394
-31.9737756804 42.0103868815 30.2658695 120.1195571 0.16 0.07 -2.11 -1 1 946690141395
-31.9737756804 42.0103868815 30.2658695 120.1195571 0.16 0.07 -2.11 -1 1 946690142384
-31.9737756804 42.0103868815 30.2658695 120.1195571 0.16 0.06 -2.03 -1 1 946690143389
-31.9737756804 42.0103868815 30.2658695 120.1195571 0.17 0.05 -1.96 -1 1 946690144383
-32.0156104775 42.1012456153 30.2658695 120.119557 0.17 0.04 -1.8 -1 1 946690145385
-32.0833825167 42.1431217148 30.2658696 120.119557 0.19 0.02 -1.42 -1 1 946690146389
-32.2612594963 42.3181213901 30.2658698 120.1195569 0.2 -0.02 -0.55 -1 1 946690147386
-32.3033066032 42.409369005 30.2658698 120.1195568 0.2 -0.03 -0.22 -1 1 946690148386
-32.3294003116 42.3601740672 30.2658699 120.1195569 0.2 -0.05 0.09 -1 1 946690149387
-32.4397897218 42.4935930041 30.26587 120.1195568 0.19 -0.06 0.46 -1 1 946690150388
-32.4397897218 42.4935930041 30.26587 120.1195568 0.21 -0.06 0.77 -1 1 946690151387
-32.508192681 42.5357755037 30.2658701 120.1195568 0.21 -0.08 1.37 -1 1 946690152391
-32.508192681 42.5357755037 30.2658701 120.1195568 0.22 -0.08 1.64 -1 1 946690153382
-32.5767034003 42.5780050032 30.2658702 120.1195568 0.21 -0.08 1.88 -1 1 946690154388
-32.7299940036 42.8035588315 30.2658703 120.1195566 0.21 -0.08 2.26 -1 1 946690155396
-32.7988146869 42.8459543735 30.2658704 120.1195566 0.22 -0.07 2.49 -1 1 946690156388
-32.841251784 42.9378408472 30.2658704 120.1195565 0.21 -0.06 2.48 -1 1 946690157390
-32.9102276792 42.9803195243 30.2658705 120.1195565 0.21 -0.04 2.41 -1 1 946690158388
-32.9793118225 43.0228453263 30.2658706 120.1195565 0.21 -0.03 2.28 -1 1 946690159383
-33.0485043217 43.0654182459 30.2658707 120.1195565 0.2 0.0 1.85 -1 1 946690160387
-33.1604669981 43.2002105991 30.2658708 120.1195564 0.2 0.01 1.62 -1 1 946690161383
-33.1604669981 43.2002105991 30.2658708 120.1195564 0.19 0.01 1.31 -1 1 946690162391
-33.2031648951 43.2925243927 30.2658708 120.1195563 0.19 0.05 0.62 -1 1 946690163387
-33.2726687944 43.3352639922 30.2658709 120.1195563 0.19 0.08 -0.1 -1 1 946690164386
-33.4120028769 43.4208847938 30.2658711 120.1195563 0.18 0.1 -0.74 -1 1 946690165382
-33.4120028769 43.4208847938 30.2658711 120.1195563 0.18 0.1 -0.74 -1 1 946690166382
-33.4818332962 43.4637659933 30.2658712 120.1195563 0.18 0.11 -1.28 -1 1 946690167387
-33.5517727954 43.5066943929 30.2658713 120.1195563 0.18 0.12 -1.88 -1 1 946690168387
-33.5088389984 43.4141990992 30.2658713 120.1195564 0.18 0.12 -2.1 -1 1 946690169393
-33.8053588342 43.7285090676 30.2658716 120.1195562 0.18 0.11 -2.17 -1 1 946690170389
-33.8053588342 43.7285090676 30.2658716 120.1195562 0.18 0.11 -2.12 -1 1 946690171386
-33.9189787206 43.8645873623 30.2658717 120.1195561 0.19 0.08 -1.83 -1 1 946690172393
-34.0602508791 43.9511097614 30.2658719 120.1195561 0.19 0.03 -1.14 -1 1 946690173396
-34.1310517824 43.9944418835 30.265872 120.1195561 0.19 0.0 -0.81 -1 1 946690174390
-34.1310517824 43.9944418835 30.265872 120.1195561 0.19 -0.02 -0.15 -1 1 946690175381
-34.1744258794 44.087618117 30.265872 120.119556 0.19 -0.04 0.2 -1 1 946690176383
-34.2178366665 44.1809363323 30.265872 120.1195559 0.2 -0.06 0.53 -1 1 946690177389
-34.2612841236 44.2743966059 30.265872 120.1195558 0.21 -0.08 1.17 -1 1 946690178394
-34.2612841236 44.2743966059 30.265872 120.1195558 0.21 -0.09 1.45 -1 1 946690179388
-34.2337779172 44.3245203174 30.2658719 120.1195557 0.21 -0.11 2.1 -1 1 946690180395
-34.2772512843 44.4182284728 30.2658719 120.1195556 0.21 -0.11 2.27 -1 1 946690181395
-34.3482890877 44.4617438948 30.265872 120.1195556 0.21 -0.11 2.37 -1 1 946690182382
-34.3918465847 44.5556311284 30.265872 120.1195555 0.21 -0.11 2.42 -1 1 946690183385
-34.4630419239 44.5992307279 30.2658721 120.1195555 0.2 -0.1 2.38 -1 1 946690184388
-34.3918465847 44.5556311284 30.265872 120.1195555 0.2 -0.08 2.16 -1 1 946690185387
-34.3207612813 44.5120790463 30.2658719 120.1195555 0.19 -0.06 1.96 -1 1 946690186382
-34.3643079183 44.6060721798 30.2658719 120.1195554 0.19 -0.05 1.76 -1 1 946690187385
-34.3643079183 44.6060721798 30.2658719 120.1195554 0.18 -0.03 1.43 -1 1 946690188387
-34.2932849991 44.5625310003 30.2658718 120.1195554 0.17 0.0 0.8 -1 1 946690189387
-34.2497859021 44.4685744868 30.2658718 120.1195555 0.17 0.01 0.44 -1 1 946690190384
