1.4773145193 -0.967895720716 30.2659248 120.1195468 0.06 0.09 0.14 1 -0.967895720716 1356998990297
1.48502808018 -0.948767939758 30.2659248 120.1195469 0.08 0.06 0.07 1 -0.948767939758 1356998991299
1.47507084029 -0.951804119737 30.2659251 120.1195465 0.26 -0.14 0.03 1 -0.951804119737 1356998992297
1.43933560002 -0.944034820095 30.2659262 120.1195453 0.62 -0.51 0.09 1 -0.944034820095 1356998993299
1.16485451903 -0.833758920038 30.2659307 120.11954 1.22 -1.13 0.13 1 -0.833758920038 1356998994299
0.897228799585 -0.668607999769 30.2659336 120.1195366 1.31 -1.25 0.08 0.897228799585 -0.668607999769 1356998995298
0.512389821031 -0.392565920551 30.2659367 120.1195332 1.32 -1.24 0.0 0.512389821031 -0.392565920551 1356998996298
-0.438318720614 0.354829440533 30.2659422 120.1195268 1.2 -1.14 0.04 -0.438318720614 0.354829440533 1356998997300
-1.02275935919 0.838201279396 30.2659448 120.1195239 1.17 -1.09 0.07 -1 0.838201279396 1356998998297
-1.68573158171 1.39924768186 30.2659473 120.1195211 1.13 -1.05 0.04 -1 1 1356998999298
-2.39604687863 2.01448461862 30.2659497 120.1195183 1.14 -1.03 0.08 -1 1 1356999000300
-4.11046291751 3.54640885636 30.2659547 120.1195127 1.15 -0.97 0.11 -1 1 1356999001301
-5.09240159826 4.4134147181 30.2659571 120.1195101 1.13 -0.91 0.07 -1 1 1356999002299
-6.1349875202 5.36362944009 30.2659594 120.1195075 1.09 -0.86 0.04 -1 1 1356999003298
-7.33401600186 6.44567040216 30.2659618 120.1195049 1.05 -0.85 0.03 -1 1 1356999004298
-9.75396579918 8.69459467859 30.2659663 120.1195 1.02 -0.79 0.06 -1 1 1356999005301
-11.0848739844 9.87535628533 30.2659685 120.1194977 1.02 -0.76 0.11 -1 1 1356999006301
-12.492978556 11.1533324727 30.2659706 120.1194954 1.0 -0.7 0.09 -1 1 1356999007297
-13.923591003 12.4046538042 30.2659727 120.1194933 1.01 -0.64 0.05 -1 1 1356999008299
-16.8008170341 14.8845948126 30.2659769 120.1194898 0.98 -0.43 0.0 -1 1 1356999009301
-18.2461569966 16.0115152969 30.2659789 120.1194885 0.95 -0.36 0.05 -1 1 1356999010301
-20.9270064582 18.1502839192 30.2659824 120.1194861 0.71 -0.22 0.06 -1 1 1356999011298
-21.772274441 18.8244291801 30.2659835 120.1194853 0.53 -0.13 0.03 -1 1 1356999012300
-22.4565708553 19.3501180733 30.2659843 120.1194847 0.41 -0.08 0.06 -1 1 1356999013298
-22.9721412386 19.7902706792 30.2659849 120.1194842 0.33 -0.03 0.06 -1 1 1356999014298
-23.1246182987 19.9041217168 30.2659849 120.119484 -0.18 0.35 0.08 -1 1 1356999015299
-22.1206774807 18.8703876614 30.2659837 120.119485 -0.5 0.6 0.03 -1 1 1356999016300
-20.6852812173 17.6348145553 30.2659819 120.1194865 -0.74 0.8 0.01 -1 1 1356999017298
-19.0592029785 16.2286282785 30.2659799 120.1194883 -0.93 0.97 0.01 -1 1 1356999018299
-17.1755719188 14.6303231401 30.2659773 120.1194905 -1.14 1.13 0.04 -1 1 1356999019299
-15.0200836802 12.7688299207 30.2659743 120.1194932 -1.29 1.26 0.04 -1 1 1356999020309
-11.1924710978 9.43264859727 30.265968 120.1194988 -1.36 1.34 -0.05 -1 1 1356999021299
-7.73357513868 6.39365147792 30.2659618 120.1195052 -1.26 1.44 -0.02 -1 1 1356999022300
-6.37971347756 5.17054571678 30.2659591 120.1195084 -1.2 1.43 -0.04 -1 1 1356999023299
-4.16607231544 3.26427007494 30.265954 120.1195143 -1.14 1.35 0.04 -1 1 1356999024300
-3.16593899904 2.41716929881 30.2659513 120.1195176 -1.13 1.29 -0.04 -1 1 1356999025299
-2.33932930019 1.74773032038 30.2659488 120.1195205 -1.11 1.26 -0.02 -1 1 1356999026298
-0.971621120517 0.688522880542 30.2659438 120.1195262 -1.07 1.15 0.07 -0.971621120517 0.688522880542 1356999027299
-0.462079500896 0.316114200761 30.2659415 120.1195287 -1.03 1.12 0.02 -0.462079500896 0.316114200761 1356999028299
-0.0218038807088 0.0143803804749 30.2659393 120.1195314 -1.02 1.13 0.05 -0.0218038807088 0.0143803804749 1356999029299
0.701780580365 -0.423154320233 30.2659349 120.1195367 -0.98 1.13 0.07 0.701780580365 -0.423154320233 1356999030300
0.976022998931 -0.557417579844 30.2659328 120.1195394 -0.96 1.08 0.07 0.976022998931 -0.557417579844 1356999031299
1.19312099946 -0.640955700121 30.2659308 120.119542 -0.94 1.06 0.07 1 -0.640955700121 1356999032300
1.36834222003 -0.689189480059 30.2659287 120.1195445 -0.96 1.08 0.03 1 -0.689189480059 1356999033298
1.50584352023 -0.698587199895 30.2659266 120.1195471 -0.98 1.07 0.03 1 -0.698587199895 1356999034298
1.66695029995 -0.618462720158 30.2659223 120.1195523 -0.97 1.05 0.03 1 -0.618462720158 1356999035300
1.69155745991 -0.544650080275 30.2659201 120.1195547 -0.97 1.04 0.09 1 -0.544650080275 1356999036298
1.68652707982 -0.442643320789 30.2659179 120.1195572 -0.97 1.04 0.03 1 -0.442643320789 1356999037297
1.65018575997 -0.320539680027 30.2659156 120.1195597 -0.96 1.02 0.04 1 -0.320539680027 1356999038297
1.59394483991 -0.179861480602 30.2659135 120.1195622 -0.92 1.01 0.04 1 -0.179861480602 1356999039297
1.51646047989 -0.0257027212216 30.2659114 120.1195647 -0.89 1.03 0.03 1 -0.0257027212216 1356999040302
1.41546447992 0.145515039218 30.2659092 120.1195673 -0.88 1.03 -0.01 1 0.145515039218 1356999041299
1.29650687988 0.337632000317 30.265907 120.1195701 -0.88 1.04 -0.03 1 0.337632000317 1356999042302
1.15714637998 0.534067559868 30.2659047 120.1195729 -0.85 1.06 -0.03 1 0.534067559868 1356999043297
1.01843831993 0.722540699888 30.2659026 120.1195756 -0.87 1.08 0.09 1 0.722540699888 1356999044298
0.865446119991 0.913526459479 30.2659004 120.1195784 -0.87 1.04 0.0 0.865446119991 0.913526459479 1356999045299
0.558176659964 1.23740367943 30.2658961 120.1195835 -0.89 1.03 0.03 0.558176659964 1 1356999046300
0.395658000086 1.37820869903 30.2658938 120.119586 -0.89 1.01 0.03 0.395658000086 1 1356999047298
0.250160819957 1.50096491974 30.2658917 120.1195885 -0.89 1.01 -0.02 0.250160819957 1 1356999048297
0.110890079913 1.61406671956 30.2658896 120.1195913 -0.88 1.06 -0.05 0.110890079913 1 1356999049298
-0.0117849202165 1.69113602003 30.2658876 120.1195938 -0.88 1.04 -0.09 -0.0117849202165 1 1356999050299
-0.219229920088 1.76427887998 30.2658836 120.1195989 -0.9 1.05 -0.04 -0.219229920088 1 1356999051301
-0.299314920255 1.75244058002 30.2658816 120.1196014 -0.9 1.01 0.01 -0.299314920255 1 1356999052298
-0.372685900039 1.70120151991 30.2658793 120.1196039 -0.92 1.01 -0.02 -0.372685900039 1 1356999053299
-0.418901760252 1.60579008036 30.265877 120.1196065 -0.96 1.01 -0.08 -0.418901760252 1 1356999054301
-0.41747886071 1.27153692116 30.2658725 120.1196117 -0.93 1.06 -0.1 -0.41747886071 1 1356999055299
-0.36851500031 1.03394780043 30.2658703 120.1196142 -0.93 1.07 -0.06 -0.36851500031 1 1356999056297
-0.36851500031 1.03394780043 30.2658703 120.1196142 -0.93 1.07 -0.06 -0.36851500031 1 1356999057297
-0.287365320414 0.747440100803 30.265868 120.1196166 -0.92 1.06 -0.03 -0.287365320414 0.747440100803 1356999058298
-0.0116496008365 0.0273280219559 30.2658638 120.1196214 -0.87 1.0 -0.03 -0.0116496008365 0.0273280219559 1356999059297
0.173431579423 -0.392397318592 30.2658619 120.1196237 -0.87 1.01 -0.02 0.173431579423 -0.392397318592 1356999060299
0.703316600285 -1.48374100045 30.2658577 120.1196286 -0.89 0.98 0.06 0.703316600285 -1 1356999061299
1.05254717953 -2.15071559855 30.2658555 120.1196311 -0.92 0.99 0.05 1 -1 1356999062298
1.4757077184 -2.91314059601 30.2658531 120.1196336 -0.94 0.99 0.02 1 -1 1356999063299
1.92196602112 -3.6876746426 30.2658509 120.1196359 -0.96 1.02 0.0 1 -1 1356999064301
3.00170016081 -5.50797408171 30.2658466 120.1196407 -0.96 1.01 0.01 1 -1 1356999065298
3.00170016081 -5.50797408171 30.2658466 120.1196407 -0.96 1.01 0.01 1 -1 1356999066298
4.44018680286 -7.77032690627 30.2658423 120.1196457 -0.98 1.01 0.05 1 -1 1356999067299
5.21854452092 -8.93527188197 30.26584 120.1196481 -0.99 1.0 0.11 1 -1 1356999068297
5.21854452092 -8.93527188197 30.26584 120.1196481 -0.99 1.0 0.11 1 -1 1356999069298
6.16169267896 -10.366713716 30.2658377 120.1196506 -0.99 1.04 0.06 1 -1 1356999070298
7.20868899732 -11.9827452925 30.2658354 120.1196534 -0.97 1.06 0.05 1 -1 1356999071298
9.56679012028 -15.4425868188 30.2658307 120.1196587 -1.0 1.08 0.03 1 -1 1356999072301
10.9626120805 -17.4058691816 30.2658283 120.1196613 -1.0 1.08 0.04 1 -1 1356999073300
13.9701214753 -21.738453228 30.2658237 120.1196667 -0.99 1.08 0.06 1 -1 1356999074299
14.0471009167 -21.791291309 30.2658237 120.1196667 -0.