-0.00187484997985 -0.0843682502936 30.2658811 120.119546 0.14 0.24 0.1 -0.00187484997985 -0.0843682502936 1357000243211
-0.00375056006899 -0.0825123199896 30.2658812 120.119546 0.13 0.21 0.06 -0.00375056006899 -0.0825123199896 1357000244213
-0.00562707004883 -0.0806546701176 30.2658811 120.1195461 0.08 0.17 -0.03 -0.00562707004883 -0.0806546701176 1357000245211
-0.0168617700374 -0.0880559100378 30.2658808 120.1195457 0.04 0.03 0.02 -0.0168617700374 -0.0880559100378 1357000246211
-0.0205850701064 -0.0954398699584 30.2658806 120.1195453 0.02 -0.04 0.03 -0.0205850701064 -0.0954398699584 1357000247211
-0.0317341549865 -0.108269469928 30.2658803 120.1195446 0.03 -0.07 -0.05 -0.0317341549865 -0.108269469928 1357000248211
-0.0334964700739 -0.124681305071 30.2658801 120.1195436 0.08 -0.07 -0.03 -0.0334964700739 -0.124681305071 1357000249214
-0.0334964700739 -0.124681305071 30.2658801 120.1195436 0.08 -0.07 -0.03 -0.0334964700739 -0.124681305071 1357000250211
-0.0371412000356 -0.133708319869 30.2658799 120.1195431 0.04 0.02 0.01 -0.0371412000356 -0.133708319869 1357000251214
-0.0426639649746 -0.13726667004 30.2658797 120.1195428 0.03 0.01 0.0 -0.0426639649746 -0.13726667004 1357000252212
-0.0444589200619 -0.142639035086 30.2658795 120.1195425 0.03 0.0 -0.08 -0.0444589200619 -0.142639035086 1357000253210
-0.0498660300012 -0.153291870179 30.2658792 120.1195418 0.07 -0.02 -0.11 -0.0498660300012 -0.153291870179 1357000254212
-0.0497742300075 -0.16038362969 30.2658791 120.1195414 0.1 -0.01 0.0 -0.0497742300075 -0.16038362969 1357000255213
-0.0478450701294 -0.167457745025 30.2658791 120.119541 0.12 -0.01 -0.06 -0.0478450701294 -0.167457745025 1357000256209
-0.0495518850059 -0.176184479831 30.265879 120.1195405 0.12 0.01 -0.15 -0.0495518850059 -0.176184479831 1357000257211
-0.047723519919 -0.176209919832 30.265879 120.1195404 0.12 0.03 -0.07 -0.047723519919 -0.176209919832 1357000258210
-0.0458943750393 -0.176234400237 30.2658791 120.1195403 0.12 0.02 -0.1 -0.0458943750393 -0.176234400237 1357000259214
-0.047723519919 -0.176209919832 30.265879 120.1195402 0.11 0.05 -0.06 -0.047723519919 -0.176209919832 1357000260211
-0.0494729100053 -0.181400669877 30.265879 120.1195399 0.11 0.03 -0.13 -0.0494729100053 -0.181400669877 1357000261214
-0.0530924749684 -0.183077499759 30.2658789 120.1195397 0.11 0.06 -0.08 -0.0530924749684 -0.183077499759 1357000262210
-0.0567042700306 -0.184746170041 30.2658788 120.1195396 0.12 0.07 -0.08 -0.0567042700306 -0.184746170041 1357000263212
-0.0583915200125 -0.191597174968 30.2658787 120.1195392 0.13 0.03 -0.08 -0.0583915200125 -0.191597174968 1357000264210
-0.0602400149907 -0.189847320087 30.2658787 120.1195392 0.13 0.03 -0.08 -0.0602400149907 -0.189847320087 1357000265210
-0.0601000949921 -0.196691220013 30.2658787 120.1195387 0.12 0.05 -0.05 -0.0601000949921 -0.196691220013 1357000266210
-0.0636807499561 -0.198320049896 30.2658787 120.1195387 0.12 0.05 -0.05 -0.0636807499561 -0.198320049896 1357000267214
-0.065286720037 -0.206741280099 30.2658787 120.1195382 0.12 0.01 -0.04 -0.065286720037 -0.206741280099 1357000268211
-0.0653275800342 -0.205056015216 30.2658787 120.1195382 0.12 0.01 -0.04 -0.0653275800342 -0.205056015216 1357000269211
-0.0686642901075 -0.21502764491 30.2658785 120.1195375 0.09 0.0 -0.08 -0.0686642901075 -0.21502764491 1357000270225
-0.0720039999592 -0.223212400115 30.2658784 120.1195371 0.1 0.0 -0.08 -0.0720039999592 -0.223212400115 1357000271212
-0.0789087199886 -0.229552640043 30.2658782 120.1195367 0.09 0.0 -0.08 -0.0789087199886 -0.229552640043 1357000272211
-0.0804480750612 -0.235981020346 30.2658781 120.1195363 0.09 -0.02 -0.08 -0.0804480750612 -0.235981020346 1357000273213
-0.0833364050208 -0.251782330353 30.2658779 120.1195353 0.1 -0.04 -0.1 -0.0833364050208 -0.251782330353 1357000274212
-0.0816497700507 -0.250274295095 30.2658779 120.1195353 0.1 -0.04 -0.1 -0.0816497700507 -0.250274295095 1357000275211
-0.0862632749881 -0.264071250215 30.2658777 120.1195345 0.11 -0.05 -0.03 -0.0862632749881 -0.264071250215 1357000276215
-0.0858896499963 -0.271691750042 30.2658777 120.119534 0.12 -0.06 -0.12 -0.0858896499963 -0.271691750042 1357000277213
-0.0891049050574 -0.276050490078 30.2658775 120.1195336 0.11 -0.06 -0.11 -0.0891049050574 -0.276050490078 1357000278212
-0.0886956300662 -0.283478189912 30.2658775 120.1195331 0.13 -0.02 -0.06 -0.0886956300662 -0.283478189912 1357000279211
-0.09356147991 -0.287614919959 30.2658774 120.1195328 0.11 -0.02 -0.07 -0.09356147991 -0.287614919959 1357000280212
-0.0948945249734 -0.293310350228 30.2658774 120.1195325 0.1 -0.02 -0.06 -0.0948945249734 -0.293310350228 1357000281212
-0.0964933200823 -0.294649244791 30.2658773 120.1195323 0.1 -0.03 -0.07 -0.0964933200823 -0.294649244791 1357000282214
-0.0961057999656 -0.300330625067 30.2658772 120.119532 0.09 -0.04 -0.1 -0.0961057999656 -0.300330625067 1357000283215
-0.0992678699198 -0.302938155202 30.265877 120.1195318 0.07 -0.03 -0.09 -0.0992678699198 -0.302938155202 1357000284211
-0.102298800075 -0.306896400225 30.2658769 120.1195315 0.07 -0.05 -0.03 -0.102298800075 -0.306896400225 1357000285211
-0.106954470017 -0.310677270261 30.2658768 120.1195312 0.08 -0.08 -0.07 -0.106954470017 -0.310677270261 1357000286214
-0.108137920003 -0.315965485201 30.2658767 120.1195308 0.08 -0.08 -0.07 -0.108137920003 -0.315965485201 1357000287211
-0.111920484969 -0.327409179998 30.2658764 120.1195299 0.09 -0.1 -0.06 -0.111920484969 -0.327409179998 1357000288214
-0.113142140043 -0.331107145024 30.2658763 120.1195295 0.08 -0.11 0.01 -0.113142140043 -0.331107145024 1357000289210
-0.114203970031 -0.335991389972 30.2658762 120.1195291 0.08 -0.1 0.0 -0.114203970031 -0.335991389972 1357000290213
-0.118127159937 -0.342896895321 30.265876 120.1195286 0.09 -0.1 -0.1 -0.118127159937 -0.342896895321 1357000291212
-0.120517880011 -0.348524680175 30.2658758 120.1195281 0.1 -0.06 -0.07 -0.120517880011 -0.348524680175 1357000292213
-0.12316978001 -0.351682134938 30.2658757 120.1195277 0.11 -0.04 -0.01 -0.12316978001 -0.351682134938 1357000293213
-0.125607689945 -0.355888455156 30.2658755 120.1195274 0.12 -0.05 0.0 -0.125607689945 -0.355888455156 1357000294214
-0.128167999906 -0.358870400186 30.2658754 120.1195271 0.14 -0.05 0.0 -0.128167999906 -0.358870400186 1357000295211
-0.128601674923 -0.36516524999 30.2658753 120.1195265 0.17 -0.05 -0.08 -0.128601674923 -0.36516524999 1357000296213
-0.128039129919 -0.368310090018 30.2658753 120.1195261 0.17 -0.07 -0.04 -0.128039129919 -0.368310090018 1357000297213
-0.127277729928 -0.372405209974 30.2658753 120.1195257 0.2 -0.12 -0.02 -0.127277729928 -0.372405209974 1357000298211
-0.124423999902 -0.379493200182 30.2658754 120.1195251 0.19 -0.13 -0.05 -0.124423999902 -0.379493200182 1357000299214
-0.123437999924 -0.384200775072 30.2658754 120.1195245 0.16 -0.17 0.01 -0.123437999924 -0.384200775072 1357000300210
-0.122228399961 -0.38960302491 30.2658754 120.1195239 0.12 -0.2 0.04 -0.122228399961 -0.38960302491 1357000301212
-0.124095519991 -0.393473600009 30.2658752 120.1195233 0.1 -0.19 0.0 -0.124095519991 -0.393473600009 1357000302213
-0.125657280031 -0.397914720041 30.2658751 120.1195227 0.1 -0.2 0.0 -0.125657280031 -0.397914720041 1357000303211
-0.127114879988 -0.402037760081 30.265875 120.1195221 0.09 -0.23 0.0 -0.127114879988 -0.402037760081 1357000304212
-0.12561538514 -0.410054819828 30.2658748 120.1195208 0.1 -0.14 -0.06 -0.12561538514 -0.410054819828 1357000305212
-0.127328295064 -0.412028639956 30.2658746 120.1195204 0.1 -0.12 0.03 -0.127328295064 -0.412028639956 1357000306211
-0.127896750104 -0.413532824841 30.2658745 120.1195201 0.11 -0.07 0.0 -0.127896750104 -0.413532824841 1357000307213
-0.128436945084 -0.414950129866 30.2658744 120.1195198 0.12 -0.09 0.03 -0.128436945084 -0.414950129866 1357000308210
-0.127359504956 -0.417067389987 30.2658743 120.1195194 0.1 -0.06 -0.02 -0.127359504956 -0.417067389987 1357000309215
-0.132174719949 -0.418553280013 30.2658738 120.1195188 0.06 -0.05 0.06 -0.132174719949 -0.418553280013 1357000310212
-0.134439830017 -0.418409674972 30.2658736 120.1195186 0.08 -0.02 0.0 -0.134439830017 -0.418409674972 1357000311212
-0.138581279956 -0.418461119998 30.2658732 120.1195183 0.09 -0.03 0.0 -0.138581279956 -0.418461119998 1357000312212
-0.140151069994 -0.417731830012 30.2658732 120.1195183 0.09 -0.03 0.0 -0.140151069994 -0.417731830012 1357000313211
-0.142007250009 -0.417907050037 30.265873 120.119518 0.11 -0.05 -0.05 -0.142007250009 -0.417907050037 1357000314212
-0.140929119928 -0.420128320046 30.2658728 120.1195173 0.13 -0.14 -0.03 -0.140929119928 -0.420128320046 1357000315212
-0.141983279917 -0.420691200036 30.2658726 120.1195169 0.14 -0.19 -0.04 -0.141983279917 -0.420691200036 1357000316210
-0.140592240001 -0.421776720003 30.2658725 120.1195163 0.13 -0.23 -0.01 -0.140592240001 -0.421776720003 1357000317211
-0.139996329945 -0.42255773003 30.2658723 120.1195157 0.13 -0.22 -0.03 -0.139996329945 -0.42255773003 1357000318213
-0.139737345012 -0.422988719995 30.2658721 120.119515 0.12 -0.24 -0.05 -0.139737345012 -0.422988719995 1357000319212
-0.137479604993 -0.423585810006 30.265872 120.1195144 0.14 -0.19 -0.06 -0.137479604993 -0.423585810006 1357000320212
-0.136664079999 -0.423414604992 30.2658719 120.1195139 0.16 -0.2 -0.09 -0.136664079999 -0.423414604992 1357000321210
-0.135100560107 -0.423395504996 30.2658719 120.1195134 0.19 -0.21 0.0 -0.135100560107 -0.423395504996 1357000322213
-0.131768999965 -0.424056600003 30.265872 120.1195129 0.19 -0.16 -0.03 -0.131768999965 -0.424056600003 1357000323212
-0.125731439984 -0.423761519987 30.2658721 120.1195119 0.14 -0.14 0.0 -0.125731439984 -0.423761519987 1357000324212
-0.125582169962 -0.422831709985 30.265872 120.1195115 0.11 -0.13 -0.05 -0.125582169962 -0.422831709985 1357000325211
-0.12539779994 -0.42179259998 30.2658718 120.1195112 0.1 -0.11 -0.05 -0.12539779994 -0.42179259998 1357000326213
-0.124171849929 -0.42105545497 30.2658717 120.1195108 0.09 -0.13 -0.02 -0.124171849929 -0.42105545497 1357000327211
-0.123930945004 -0.419802120031 30.2658716 120.1195104 0.1 -0.14 -0.07 -0.123930945004 -0.419802120031 1357000328213
-0.120222480077 -0.415411605045 30.2658715 120.1195093 0.1 -0.22 0.0 -0.120222480077 -0.415411605045 1357000329212
-0.116238644939 -0.412594829967 30.2658714 120.1195085 0.09 -0.28 -0.03 -0.116238644939 -0.412594829967 1357000330215
-0.112704404977 -0.40817271001 30.2658713 120.1195077 0.1 -0.29 -0.03 -0.112704404977 -0.40817271001 1357000331210
-0.108643469992 -0.402274469928 30.2658712 120.1195067 0.09 -0.34 0.01 -0.108643469992 -0.402274469928 1357000332212
-0.106122254935 -0.394436699864 30.265871 120.1195058 0.07 -0.32 -0.04 -0.106122254935 -0.394436699864 1357000333213
-0.102772369941 -0.388352229865 30.2658709 120.1195049 0.08 -0.28 -0.06 -0.102772369941 -0.388352229865 1357000334215
-0.1011027 -0.379135124924 30.2658707 120.1195042 0.08 -0.23 -0.08 -0.1011027 -0.379135124924 1357000335211
-0.0994196499545 -0.365634249933 30.2658703 120.1195032 0.08 -0.19 0.09 -0.0994196499545 -0.365634249933 1357000336210
-0.0986543999955 -0.358020000084 30.26587 120.1195027 0.08 -0.18 0.01 -0.0986543999955 -0.358020000084 1357000337212
-0.0964662499576 -0.351137149903 30.2658699 120.1195021 0.09 -0.18 -0.06 -0.0964662499576 -0.351137149903 1357000338211
-0.0959504050642 -0.34602587019 30.2658697 120.1195016 0.1 -0.17 -0.1 -0.0959504050642 -0.34602587019 1357000339210
-0.09475759508 -0.339364410271 30.2658695 120.1195012 0.09 -0.13 -0.02 -0.09475759508 -0.339364410271 1357000340212
-0.0940645500875 -0.333893250219 30.2658693 120.1195009 0.06 -0.12 0.03 -0.0940645500875 -0.333893250219 1357000341213
-0.0926138701422 -0.317437395382 30.2658686 120.1195002 0.03 -0.1 0.02 -0.0926138701422 -0.317437395382 1357000342212
-0.0924817599803 -0.310009279966 30.2658683 120.1194998 0.04 -0.1 -0.04 -0.0924817599803 -0.310009279966 1357000343210
-0.0916290001221 -0.294434520251 30.2658676 120.1194992 0.03 -0.08 0.0 -0.0916290001221 -0.294434520251 1357000344210
-0.092004125056 -0.287290300087 30.2658672 120.1194989 0.04 -0.08 -0.02 -0.092004125056 -0.287290300087 1357000345210
-0.092004125056 -0.287290300087 30.2658672 120.1194989 0.04 -0.08 -0.02 -0.092004125056 -0.287290300087 1357000346212
-0.089649355082 -0.278655320184 30.265867 120.1194985 0.06 -0.1 0.03 -0.089649355082 -0.278655320184 1357000347211
-0.0888335098802 -0.269242304703 30.2658667 120.1194982 0.08 -0.1 -0.03 -0.0888335098802 -0.269242304703 1357000348213
-0.0864154499181 -0.259246349754 30.2658664 120.1194977 0.08 -0.15 -0.01 -0.0864154499181 -0.259246349754 1357000349210
-0.0827543450034 -0.247767499987 30.2658662 120.1194972 0.1 -0.15 0.0 -0.0827543450034 -0.247767499987 1357000350212
-0.0739287500494 -0.222221125144 30.2658659 120.1194961 0.13 -0.22 0.03 -0.0739287500494 -0.222221125144 1357000351213
-0.0690079700076 -0.206226130008 30.2658658 120.1194955 0.16 -0.22 0.03 -0.0690079700076 -0.206226130008 1357000352211
-0.0646511248955 -0.192845069743 30.2658658 120.119495 0.18 -0.19 0.04 -0.0646511248955 -0.192845069743 1357000353213
-0.0609831249344 -0.18329784984 30.2658658 120.1194946 0.2 -0.2 0.0 -0.0609831249344 -0.18329784984 1357000354211
-0.0554286248848 -0.168503019756 30.2658659 120.119494 0.21 -0.2 0.04 -0.0554286248848 -0.168503019756 1357000355212
-0.0507328797699 -0.154792934388 30.2658659 120.1194934 0.19 -0.21 0.06 -0.0507328797699 -0.154792934388 1357000356212
-0.0450304799407 -0.138929264851 30.2658659 120.1194928 0.16 -0.24 0.05 -0.0450304799407 -0.138929264851 1357000357215
-0.0398345098958 -0.130952969718 30.2658659 120.1194922 0.16 -0.26 0.01 -0.0398345098958 -0.130952969718 1357000358211
-0.0256364549883 -0.0855559799658 30.2658656 120.1194908 0.14 -0.3 0.06 -0.0256364549883 -0.0855559799658 1357000359212
-0.0168019499142 -0.0566324547252 30.2658655 120.11949 0.14 -0.28 0.1 -0.0168019499142 -0.0566324547252 1357000360213
-0.0106994700814 -0.0362280302632 30.2658654 120.1194894 0.12 -0.26 0.07 -0.0106994700814 -0.0362280302632 1357000361212
-0.002160770175 -0.00733163059118 30.2658653 120.1194887 0.11 -0.29 0.0 -0.002160770175 -0.00733163059118 1357000362212
0.0066972499669 0.0227706498879 30.2658652 120.1194879 0.09 -0.32 0.01 0.0066972499669 0.0227706498879 1357000363212
0.0169468647913 0.0578299792812 30.265865 120.119487 0.08 -0.34 -0.02 0.0169468647913 0.0578299792812 1357000364211
0.0431151049119 0.149116329693 30.2658646 120.1194849 0.08 -0.37 0.05 0.0431151049119 0.149116329693 1357000365212
0.0558049346346 0.193945018682 30.2658644 120.1194839 0.1 -0.37 0.01 0.0558049346346 0.193945018682 1357000366212
0.067308469848 0.240599889436 30.2658644 120.119483 0.1 -0.37 0.0 0.067308469848 0.240599889436 1357000367212
0.0758553299342 0.270675029709 30.2658642 120.1194823 0.1 -0.33 0.0 0.0758553299342 0.270675029709 1357000368211
0.0986742899722 0.353011229942 30.2658638 120.1194807 0.09 -0.29 0.06 0.0986742899722 0.353011229942 1357000369211
0.110616029896 0.396227789545 30.2658636 120.1194799 0.08 -0.29 0.05 0.110616029896 0.396227789545 1357000370213
0.121912550017 0.439526825225 30.2658634 120.1194791 0.07 -0.29 0.04 0.121912550017 0.439526825225 1357000371212
0.133182720032 0.480012720189 30.2658632 120.1194784 0.07 -0.25 0.05 0.133182720032 0.480012720189 1357000372210
0.143644110062 0.520244730164 30.265863 120.1194778 0.07 -0.27 0.04 0.143644110062 0.520244730164 1357000373212
0.144832499856 0.572088374369 30.2658626 120.1194765 0.07 -0.24 0.04 0.144832499856 0.572088374369 1357000374213
0.152421004765 0.602947178752 30.2658623 120.1194759 0.07 -0.2 0.0 0.152421004765 0.602947178752 1357000375214
0.161444919818 0.640457319028 30.2658621 120.1194753 0.05 -0.21 0.05 0.161444919818 0.640457319028 1357000376210
0.173172024844 0.681455319288 30.2658618 120.1194747 0.03 -0.19 0.02 0.173172024844 0.681455319288 1357000377212
0.178574024785 0.706573979007 30.2658615 120.1194741 0.02 -0.22 0.0 0.178574024785 0.706573979007 1357000378211
0.18806777024 0.741208271238 30.2658612 120.1194735 0.03 -0.21 0.0 0.18806777024 0.741208271238 1357000379211
0.213473280058 0.833880000056 30.2658605 120.119472 0.05 -0.25 0.0 0.213473280058 0.833880000056 1357000380210
0.220625055063 0.873259380346 30.2658603 120.1194713 0.05 -0.25 0.02 0.220625055063 0.873259380346 1357000381211
0.235524729736 0.926316333637 30.26586 120.1194705 0.04 -0.25 0.0 0.235524729736 0.926316333637 1357000382209
0.246219119879 0.964776959448 30.2658597 120.1194699 0.05 -0.25 0.01 0.246219119879 0.964776959448 1357000383212
0.258671160019 1.01116907987 30.2658594 120.1194693 0.04 -0.22 0.01 0.258671160019 1 1357000384213
0.270032444897 1.04520020951 30.2658591 120.1194688 0.07 -0.21 0.0 0.270032444897 1 1357000385210
0.274528000316 1.07340448103 30.265859 120.1194683 0.09 -0.23 -0.02 0.274528000316 1 1357000386212
-0.691391959967 0.853657420278 30.2658612 120.1195691 0.21 0.0 0.15 -0.691391959967 0.853657420278 1356998640920
-0.701734000301 0.891202179104 30.2658611 120.1195697 0.03 0.07 0.06 -0.701734000301 0.891202179104 1356998641923
-0.736199680222 0.944558079613 30.2658605 120.1195706 -0.24 0.33 0.04 -0.736199680222 0.944558079613 1356998642922
-0.807103220137 1.0444865192 30.2658592 120.1195724 -0.52 0.66 -0.05 -0.807103220137 1 1356998643924
-0.987463780468 1.32065707941 30.2658547 120.1195788 -0.87 1.04 0.03 -0.987463780468 1 1356998644922
-1.03328790025 1.40750567958 30.2658525 120.1195822 -0.87 1.11 0.08 -1 1 1356998645922
-1.04158727977 1.44494706017 30.2658505 120.1195855 -0.81 1.08 0.0 -1 1 1356998646922
-0.968464639813 1.37666048007 30.2658467 120.1195917 -0.75 1.01 0.02 -0.968464639813 1 1356998647921
-0.891601559814 1.28210922002 30.265845 120.1195945 -0.69 0.91 0.03 -0.891601559814 1 1356998648923
-0.660133298759 0.944326278844 30.2658413 120.1195995 -0.64 0.82 -0.1 -0.660133298759 0.944326278844 1356998649924
-0.509352479692 0.726480299722 30.2658396 120.1196019 -0.63 0.82 -0.03 -0.509352479692 0.726480299722 1356998650923
-0.30248917969 0.433966239658 30.2658378 120.1196045 -0.66 0.85 -0.02 -0.30248917969 0.433966239658 1356998651924
0.239671200849 -0.338130721276 30.2658336 120.1196096 -0.77 0.95 -0.11 0.239671200849 -0.338130721276 1356998652924
0.644907079579 -0.901887819441 30.2658311 120.1196125 -0.81 0.97 -0.08 0.644907079579 -0.901887819441 1356998653922
1.09229251996 -1.50778178026 30.2658287 120.1196151 -0.86 0.99 -0.08 1 -1 1356998654924
1.63003411958 -2.23115529945 30.2658263 120.1196179 -0.87 0.98 -0.09 1 -1 1356998655922
2.93534172186 -3.91180428307 30.2658213 120.1196233 -0.91 0.98 0.09 1 -1 1356998656922
3.6928427201 -4.86200528051 30.2658188 120.1196259 -0.89 0.94 0.21 1 -1 1356998657921
4.62790691994 -6.00949818049 30.265816 120.1196286 -0.87 0.89 0.13 1 -1 1356998658922
6.48487619756 -8.24256149592 30.2658112 120.1196332 -0.77 0.84 0.13 1 -1 1356998659923
7.44911551636 -9.38395071375 30.265809 120.1196353 -0.74 0.82 0.15 1 -1 1356998660922
8.43883585974 -10.545232882 30.2658068 120.1196374 -0.73 0.81 0.09 1 -1 1356998661923
9.6813364952 -12.0101299922 30.2658044 120.1196397 -0.7 0.8 0.09 1 -1 1356998662922
12.2539507174 -15.0911580537 30.2658 120.1196444 -0.67 0.86 0.06 1 -1 1356998663921
13.6007743992 -16.719183996 30.265798 120.1196467 -0.65 0.87 0.07 1 -1 1356998664922
16.5124180818 -20.3263099243 30.265794 120.1196516 -0.63 0.92 0.09 1 -1 1356998665924
18.0943485826 -22.287789164 30.265792 120.119654 -0.62 0.92 -0.01 1 -1 1356998666921
19.7257939172 -24.4224115137 30.2657902 120.1196566 -0.59 0.95 -0.06 1 -1 1356998667923
21.3555993188 -26.5764399409 30.2657885 120.1196591 -0.56 0.96 0.07 1 -1 1356998668922
23.0976549965 -28.9138114916 30.2657868 120.1196616 -0.53 0.94 0.07 1 -1 1356998669922
24.7703196795 -31.2270380804 30.2657852 120.119664 -0.47 0.92 0.0 1 -1 1356998670922
27.8617906257 -35.6708046094 30.2657827 120.1196686 -0.26 0.82 0.02 1 -1 1356998671920
29.3390372865 -37.7598088113 30.2657816 120.1196706 -0.22 0.8 0.05 1 -1 1356998672923
30.5733344804 -39.8075882246 30.2657808 120.1196727 -0.18 0.78 0.01 1 -1 1356998673924
31.9737756804 -42.0103868815 30.2657799 120.1196748 -0.16 0.7 0.0 1 -1 1356998674923
34.6701458411 -46.1632228229 30.2657782 120.1196786 -0.17 0.58 0.06 1 -1 1356998675924
35.9115235188 -47.9865772742 30.2657773 120.1196801 -0.17 0.5 0.05 1 -1 1356998676922
37.0884175183 -49.6519182564 30.2657765 120.1196814 -0.13 0.38 0.0 1 -1 1356998677922
38.84509861 -52.2227689425 30.2657753 120.1196833 0.02 0.23 -0.01 1 -1 1356998678922
39.3114299157 -52.8902180676 30.265775 120.1196839 0.13 0.08 0.03 1 -1 1356998679923
39.1871015598 -52.7373906753 30.2657751 120.1196838 0.32 -0.17 0.04 1 -1 1356998680922
37.1341555152 -49.7533382294 30.2657763 120.1196815 0.6 -0.6 -0.01 1 -1 1356998681923
35.5875040084 -47.5019200197 30.2657773 120.1196796 0.71 -0.78 -0.03 1 -1 1356998682922
31.2703331201 -41.3164582441 30.2657803 120.1196743 0.99 -1.2 -0.01 1 -1 1356998683921
28.9772599215 1.30242372029 -1.07847755882 30.2659077 120.119539 0.38 0.18 0.12 1 -1 1356998847842
1.31118527991 -1.06312319978 30.2659078 120.1195393 0.42 0.13 0.07 1 -1 1356998848844
1.31187778017 -1.07068052004 30.265908 120.1195392 0.62 -0.07 0.03 1 -1 1356998849845
1.31728768028 -1.17692095956 30.2659102 120.1195358 1.24 -0.89 0.06 1 -1 1356998850843
1.2879599401 -1.22525027992 30.2659125 120.1195322 1.46 -1.2 0.05 1 -1 1356998851843
1.06960464038 -1.12788438018 30.2659171 120.1195247 1.56 -1.26 -0.03 1 -1 1356998852843
0.88926432049 -0.960723060224 30.2659194 120.1195213 1.51 -1.19 0.01 0.88926432049 -0.960723060224 1356998853843
0.649833080691 -0.718617640554 30.2659217 120.1195179 1.49 -1.11 0.03 0.649833080691 -0.718617640554 1356998854842
0.0120094796509 -0.0135772196057 30.2659264 120.1195118 1.48 -1.05 0.08 0.0120094796509 -0.0135772196057 1356998855843
0.0120094796509 -0.0135772196057 30.2659264 120.1195118 1.48 -1.05 0.08 0.0120094796509 -0.0135772196057 1356998856842
-0.806673399273 0.925248998936 30.2659309 120.1195063 1.45 -1.03 0.0 -0.806673399273 0.925248998936 1356998857844
-1.37027154159 1.58175108191 30.2659334 120.1195033 1.47 -1.01 0.03 -1 1 1356998858843
-1.92129300253 2.21627940382 30.2659357 120.1195008 1.48 -0.98 -0.09 -1 1 1356998859844
-3.33627840103 3.78844800204 30.2659408 120.1194959 1.53 -0.96 0.0 -1 1 1356998860844
-4.20424576359 4.74815168504 30.2659435 120.1194934 1.51 -0.96 0.05 -1 1 1356998861844
-6.23480832186 6.97419264288 30.2659488 120.1194882 1.41 -0.94 0.0 -1 1 1356998862844
-7.22803770015 8.09091972141 30.2659511 120.1194858 1.33 -0.97 -0.02 -1 1 1356998863849
-8.39985952291 9.40583072492 30.2659535 120.1194832 1.3 -0.99 -0.02 -1 1 1356998864843
-9.58060011947 10.7486268407 30.2659557 120.1194807 1.28 -0.99 -0.03 -1 1 1356998865845
-10.7867414156 12.2056479923 30.2659578 120.1194783 1.27 -0.94 -0.01 -1 1 1356998866844
-13.4627583202 15.2445939822 30.265962 120.1194737 1.26 -0.93 0.03 -1 1 1356998867844
-14.8464774018 16.9424506857 30.2659639 120.1194713 1.22 -0.91 0.0 -1 1 1356998868842
-16.3319877994 18.6205466003 30.2659659 120.1194691 1.2 -0.89 0.03 -1 1 1356998869844
-19.2852387063 22.134462011 30.2659696 120.1194646 1.06 -0.93 -0.04 -1 1 1356998870845
-20.8464138013 24.1208505044 30.2659712 120.1194622 0.95 -0.91 0.02 -1 1 1356998871843
-23.3818968025 27.4518765072 30.2659734 120.1194582 0.75 -0.74 0.0 -1 1 1356998872842
-24.4564910059 28.8671414124 30.2659743 120.1194565 0.68 -0.62 -0.02 -1 1 1356998873844
-25.1903981973 30.0023729942 30.2659749 120.1194552 0.55 -0.39 -0.03 -1 1 1356998874842
-25.3684507154 30.110489093 30.2659752 120.1194553 0.25 0.14 -0.04 -1 1 1356998875844
-24.9751642755 29.5735834705 30.265975 120.119456 0.14 0.22 0.0 -1 1 1356998876845
-24.1067609635 28.4135372851 30.2659744 120.1194573 0.12 0.18 -0.03 -1 1 1356998877842
-23.8295877096 28.1017140243 30.2659742 120.1194576 0.12 0.12 0.0 -1 1 1356998878847
-23.5445921127 27.9281871262 30.2659739 120.1194577 0.09 0.15 0.02 -1 1 1356998879843
-21.7154942931 25.7465141849 30.2659722 120.11946 -0.38 0.82 0.0 -1 1 1356998880845
-19.8998650816 23.4560221205 30.2659705 120.1194628 -0.61 1.19 -0.03 -1 1 1356998881844
