1.41119567901 -0.821946420346 30.2658659 120.1195343 0.08 -0.07 0.13 1 -0.821946420346 1356998502507
1.40776452031 -0.801797640115 30.265866 120.1195344 0.09 -0.11 0.13 1 -0.801797640115 1356998503507
1.39788287959 -0.793589760124 30.2658662 120.1195343 0.27 -0.3 0.06 1 -0.793589760124 1356998504511
1.34573339978 -0.766557000269 30.2658672 120.1195335 0.6 -0.59 0.01 1 -0.766557000269 1356998505508
1.20545050029 -0.708746800058 30.265869 120.1195316 0.97 -0.92 0.07 1 -0.708746800058 1356998506509
0.613760099589 -0.390929999783 30.2658745 120.119526 1.34 -1.18 0.06 0.613760099589 -0.390929999783 1356998507508
0.194120000134 -0.12734272008 30.2658773 120.1195231 1.34 -1.17 0.09 0.194120000134 -0.12734272008 1356998508508
-0.831897478526 0.572117218711 30.2658826 120.1195178 1.22 -1.05 0.04 -0.831897478526 0.572117218711 1356998509511
-1.33149311852 0.926959618592 30.2658848 120.1195158 1.16 -0.95 0.04 -1 0.926959618592 1356998510508
-1.32226559916 0.918239999199 30.2658848 120.1195158 1.16 -0.95 0.04 -1 0.918239999199 1356998511508
-1.95829395879 1.36950457865 30.2658873 120.1195137 1.14 -0.94 0.06 -1 1 1356998512508
-3.2965176179 2.32635603793 30.265892 120.1195098 1.15 -0.93 0.06 -1 1 1356998513511
-4.11033403788 2.92548291734 30.2658944 120.1195077 1.12 -0.96 0.12 -1 1 1356998514511
-4.94750207858 3.54002303833 30.2658966 120.1195057 1.12 -0.96 0.09 -1 1 1356998515509
-5.8275321197 4.19614777976 30.2658988 120.1195037 1.12 -0.97 0.07 -1 1 1356998516508
-5.8275321197 4.19614777976 30.2658988 120.1195037 1.12 -0.97 0.07 -1 1 1356998517509
-7.88197408055 5.73609632167 30.2659033 120.1194997 1.15 -0.95 0.06 -1 1 1356998518510
-9.00090325449 6.56482651397 30.2659056 120.1194978 1.15 -0.92 0.08 -1 1 1356998519510
-10.3153881599 7.54598592064 30.2659081 120.1194958 1.16 -0.89 0.06 -1 1 1356998520509
-12.8649754753 9.4122982749 30.2659126 120.1194925 1.09 -0.8 0.04 -1 1 1356998521508
-14.0848655551 10.2946394739 30.2659146 120.1194911 0.96 -0.68 0.07 -1 1 1356998522507
-15.1272130802 11.0154538217 30.2659163 120.1194901 0.82 -0.56 0.07 -1 1 1356998523509
-16.1140069983 11.6693742989 30.2659179 120.1194893 0.69 -0.47 0.0 -1 1 1356998524508
-16.7805659543 12.0303189736 30.2659191 120.119489 0.56 -0.39 -0.02 -1 1 1356998525508
-17.1979081188 12.273641638 30.26592 120.1194887 0.4 -0.31 0.0 -1 1 1356998526509
-17.4397227207 12.3609169606 30.2659206 120.1194886 0.22 -0.25 -0.01 -1 1 1356998527507
-17.4686049961 12.3494629944 30.2659208 120.1194887 0.12 -0.2 0.0 -1 1 1356998528508
-17.3165281178 12.1808982563 30.2659208 120.119489 -0.04 -0.11 0.07 -1 1 1356998529508
-15.7779855008 10.9325058021 30.265919 120.1194912 -0.74 0.37 0.01 -1 1 1356998530509
-14.2684009242 9.78359034463 30.265917 120.1194932 -1.04 0.55 -0.11 -1 1 1356998531518
-10.7668198856 7.19926812627 30.2659117 120.1194984 -1.37 0.81 -0.08 -1 1 1356998532509
-9.05490900157 5.91363810213 30.2659088 120.1195015 -1.39 0.94 0.13 -1 1 1356998533511
-7.53123868344 4.78647778414 30.265906 120.1195048 -1.37 1.0 0.11 -1 1 1356998534509
-6.16570750228 3.78925600263 30.2659033 120.1195079 -1.33 1.0 0.05 -1 1 1356998535509
-4.98539771928 2.96114843934 30.2659007 120.119511 -1.3 0.95 0.06 -1 1 1356998536508
-3.01089150098 1.69502040112 30.2658954 120.1195164 -1.26 0.8 0.07 -1 1 1356998537509
-2.13836850054 1.18024680085 30.2658924 120.1195188 -1.25 0.75 0.02 -1 1 1356998538510
-1.43042811915 0.776650599492 30.2658896 120.1195208 -1.24 0.74 0.02 -1 0.776650599492 1356998539508
-0.814587000979 0.435645000785 30.2658868 120.1195228 -1.22 0.8 0.08 -0.814587000979 0.435645000785 1356998540509
0.202732900722 -0.101555920337 30.2658814 120.1195274 -1.16 0.89 -0.02 0.202732900722 -0.101555920337 1356998541509
0.627321240534 -0.298194120167 30.2658786 120.1195299 -1.09 0.92 0.06 0.627321240534 -0.298194120167 1356998542509
0.929127780894 -0.419357880211 30.2658762 120.1195323 -1.04 0.93 0.03 0.929127780894 -0.419357880211 1356998543510
1.3806060799 -0.547152640016 30.2658712 120.1195368 -0.98 0.92 -0.01 1 -0.547152640016 1356998544508
1.53629397994 -0.555920560165 30.2658687 120.1195392 -0.92 0.92 -0.03 1 -0.555920560165 1356998545507
1.639535 -0.530937500003 30.2658664 120.1195414 -0.9 0.92 -0.2 1 -0.530937500003 1356998546507
1.70139492019 -0.47880785955 30.2658643 120.1195435 -0.85 0.91 -0.3 1 -0.47880785955 1356998547509
1.73384752006 -0.410911839744 30.2658623 120.1195456 -0.8 0.93 0.18 1 -0.410911839744 1356998548509
1.74293295999 -0.324143019949 30.2658605 120.1195477 -0.76 0.91 0.03 1 -0.324143019949 1356998549509
1.72903808006 -0.21332287967 30.2658585 120.1195499 -0.78 0.91 -0.13 1 -0.21332287967 1356998550509
1.69003394003 -0.082440679801 30.2658564 120.1195523 -0.86 0.97 0.0 1 -0.082440679801 1356998551507
1.62535630005 0.0613342000556 30.2658542 120.1195547 -0.91 1.0 -0.31 1 0.0613342000556 1356998552508
1.44522559998 0.419373499656 30.26585 120.1195601 -0.9 1.08 0.04 1 0.419373499656 1356998553510
1.32175467997 0.621617299835 30.2658479 120.1195629 -0.9 1.13 -0.07 1 0.621617299835 1356998554508
1.19136371999 0.809600759448 30.2658458 120.1195657 -0.91 1.08 -0.29 1 0.809600759448 1356998555510
0.885022719962 1.18436864016 30.2658411 120.1195715 -0.95 1.03 -0.11 0.885022719962 1 1356998556510
0.737166100191 1.33330912042 30.2658388 120.119574 -0.96 0.98 -0.03 0.737166100191 1 1356998557508
0.57906271996 1.46024512031 30.2658364 120.1195764 -0.94 0.94 -0.19 0.57906271996 1 1356998558508
0.441037439876 1.56813312019 30.2658342 120.1195787 -0.84 0.91 -0.22 0.441037439876 1 1356998559509
0.301342679894 1.6603390799 30.2658321 120.1195811 -0.79 0.92 -0.26 0.301342679894 1 1356998560509
0.191481880229 1.72896874004 30.2658302 120.1195837 -0.77 1.0 -0.07 0.191481880229 1 1356998561511
0.07306380007 1.7778858 30.2658283 120.1195895 -0.84 1.07 0.08 0.07306380007 1 1356998562509
-0.109777500122 1.73887560009 30.265824 120.1195926 -0.87 1.05 0.0 -0.109777500122 1 1356998563511
-0.170353919996 1.64933568008 30.2658218 120.1195955 -0.92 1.02 0.0 -0.170353919996 1 1356998564508
-0.247563000214 1.32308670053 30.2658171 120.1196009 -0.96 0.97 -0.02 -0.247563000214 1 1356998565507
-0.236676420153 1.08316776076 30.2658145 120.1196037 -0.96 0.94 -0.04 -0.236676420153 1 1356998566511
-0.195658980037 0.797571720165 30.2658122 120.1196063 -0.94 0.94 0.0 -0.195658980037 0.797571720165 1356998567509
-0.0318733199784 0.106427579929 30.2658076 120.1196111 -0.9 0.88 0.09 -0.0318733199784 0.106427579929 1356998568511
0.10143307997 -0.31796379985 30.2658055 120.1196134 -0.86 0.85 0.03 0.10143307997 -0.31796379985 1356998569509
0.430670119724 -1.23674737935 30.2658014 120.119618 -0.86 0.89 0.04 0.430670119724 -1 1356998570509
0.644455679979 -1.78956288022 30.2657993 120.1196204 -0.87 0.92 0.03 0.644455679979 -1 1356998571508
0.925593479923 -2.49803028024 30.2657971 120.1196231 -0.86 0.96 0.05 0.925593479923 -1 1356998572510
1.68007800223 -4.21699578722 30.2657928 120.1196285 -0.9 0.95 0.12 1 -1 1356998573509
2.07529344038 -5.06423808187 30.2657907 120.1196309 -0.89 0.92 0.13 1 -1 1356998574509
3.01732072035 -6.95848402021 30.2657865 120.1196356 -0.88 0.89 0.06 1 -1 1356998575510
3.53953873791 -8.00903671298 30.2657843 120.119638 -0.86 0.93 0.08 1 -1 1356998576510
4.10588721652 -9.16172263075 30.2657823 120.1196404 -0.84 0.92 0.04 1 -1 1356998577511
4.66165707808 -10.381196436 30.2657803 120.1196429 -0.83 0.95 0.14 1 -1 1356998578509
5.40480670349 -11.8673560082 30.2657781 120.1196457 -0.84 0.96 0.0 1 -1 1356998579508
6.22282500137 -13.3953750035 30.265776 120.1196482 -0.87 0.94 0.1 1 -1 1356998580508
7.94831749991 -16.6329001977 30.2657718 120.1196531 -0.9 0.97 0.13 1 -1 1356998581518
8.91752204061 -18.4319573244 30.2657698 120.1196556 -0.88 0.95 0.0 1 -1 1356998582507
9.81452628084 -20.1904357236 30.2657677 120.1196581 -0.86 0.97 0.04 1 -1 1356998583510
10.7538911981 -22.0868380771 30.2657657 120.1196607 -0.84 1.0 0.0 1 -1 1356998584510
11.7546643182 -24.0376281559 30.2657636 120.1196632 -0.85 0.95 -0.04 1 -1 1356998585508
13.0837698019 -26.3325601261 30.2657613 120.1196658 -0.83 0.9 -0.05 1 -1 1356998586508
15.8237187389 -31.1137538773 30.2657568 120.1196708 -0.82 0.85 -0.28 1 -1 1356998587508
18.7745973236 -36.031754931 30.2657526 120.1196753 -0.86 0.95 -0.02 1 -1 1356998588507
20.3068584609 -38.793318483 30.2657505 120.1196779 -0.87 1.03 0.04 1 -1 1356998589511
22.2189572567 -42.1060899153 30.2657482 120.1196808 -0.92 1.04 0.02 1 -1 1356998590508
24.2237644795 -45.4195584026 30.265746 120.1196834 -0.96 1.03 -0.01 1 -1 1356998591509
28.7093086107 -52.7842828575 30.2657413 120.1196889 -1.02 1.05 0.04 1 -1 1356998592507
31.1462156776 -56.8252764761 30.2657391 120.1196917 -1.02 1.01 0.02 1 -1 1356998593508
33.4037446184 -60.4820071142 30.2657369 120.1196942 -1.01 0.99 0.08 1 -1 1356998594510
35.7887317175 -64.2025414779 30.2657347 120.1196966 -1.0 0.97 0.04 1 -1 1356998595508
41.6678404778 -73.0927511956 30.2657299 120.1197017 -1.02 0.96 0.08 1 -1 1356998596509
44.6278079962 -77.5278431919 30.2657276 120.1197042 -1.01 0.96 0.12 1 -1 1356998597508
47.6671078906 -81.985263812 30.2657253 120.1197066 -1.01 0.95 0.13 1 -1 1356998598509
50.9491507204 -86.9066265757 30.265723 120.1197091 -1.01 0.96 0.11 1 -1 1356998599508
54.0725723967 -91.5839564912 30.2657208 120.1197115 -0.95 0.93 0.0 1 -1 1356998600507
60.6620229987 -101.145279791 30.2657168 120.1197159 -0.93 0.91 0.1 1 -1 1356998601509
64.2600652764 -106.361487356 30.2657148 120.1197182 -0.94 0.95 0.13 1 -1 1356998602508
68.210619804 -111.881641006 30.2657126 120.1197205 -0.97 0.99 0.08 1 -1 1356998603509
77.4644224377 -125.320872639 30.2657079 120.1197259 -0.96 1.09 0.1 1 -1 1356998604511
82.1469600045 -132.043632008 30.2657056 120.1197285 -0.93 1.08 -0.04 1 -1 1356998605509
87.0601372925 -138.870382055 30.2657034 120.119731 -0.9 1.04 -0.05 1 -1 1356998606509
93.9831411355 -147.994542111 30.2657013 120.1197336 -0.87 1.04 0.06 1 -1 1356998607509
99.1504895939 -155.392750071 30.2656992 120.1197362 -0.85 1.01 -0.12 1 -1 1356998608512
104.268458687 -162.715300063 30.2656971 120.1197387 -0.87 1.0 0.0 1 -1 1356998609511
115.477651077 -178.302767924 30.2656927 120.1197436 -0.86 1.04 0.09 1 -1 1356998610510
122.56700651 -188.105629305 30.2656905 120.1197464 -0.85 1.05 -0.13 1 -1 1356998611509
128.538471888 -196.641665389 30.2656884 120.119749 -0.86 1.04 0.05 1 -1 1356998612508
141.327190987 -214.834499903 30.2656842 120.1197543 -0.87 1.04 0.17 1 -1 1356998613507
148.058827009 -224.244437019 30.265682 120.1197569 -0.87 0.99 0.03 1 -1 1356998614507
154.697633605 -233.525177799 30.2656799 120.1197594 -0.85 1.0 -0.02 1 -1 1356998615508
171.146034871 -255.506969917 30.2656758 120.1197645 -0.9 1.03 0.23 1 -1 1356998616509
178.771502891 -266.037926905 30.2656736 120.1197671 -0.91 1.01 0.17 1 -1 1356998617510
186.278120989 -276.40856579 30.2656715 120.1197696 -0.89 0.97 -0.03 1 -1 1356998618508
204.200377304 -299.792187384 30.2656669 120.1197747 -0.93 0.98 0.11 1 -1 1356998619508
212.990128111 -311.614726345 30.2656646 120.1197773 -0.94 1.01 0.1 1 -1 1356998620507
221.785989447 -323.598771168 30.2656624 120.1197799 -0.93 1.0 0.04 1 -1 1356998621508
239.644698681 -347.372127486 30.2656581 120.119785 -0.92 0.98 0.0 1 -1 1356998622509
248.735657284 -359.712395478 30.265656 120.1197875 -0.9 0.96 0.0 1 -1 1356998623517
259.001034408 -373.182588022 30.2656536 120.1197901 -0.92 0.93 0.08 1 -1 1356998624510
278.152540356 -398.30518256 30.2656493 120.1197948 -0.89 0.97 0.0 1 -1 1356998625510
287.890038283 -411.633730619 30.2656473 120.1197973 -0.87 0.95 -0.01 1 -1 1356998626509
298.09355851 -424.761719918 30.2656451 120.1197996 -0.9 0.89 -0.02 1 -1 1356998627508
308.485257055 -437.491391445 30.2656428 120.1198017 -0.93 0.8 0.0 1 -1 1356998628508
317.973292148 -448.829457644 30.2656407 120.1198035 -0.93 0.72 -0.02 1 -1 1356998629510
328.27622913 -460.722497949 30.2656384 120.1198053 -0.92 0.68 -0.03 1 -1 1356998630510
347.67347003 -480.651951764 30.2656338 120.1198079 -0.83 0.42 -0.05 1 -1 1356998631508
356.095696019 -488.91287436 30.2656318 120.1198089 -0.74 0.31 -0.05 1 -1 1356998632508
363.935809577 -496.170344573 30.2656299 120.1198097 -0.62 0.24 -0.08 1 -1 1356998633511
370.338133947 -499.839285239 30.265628 120.1198097 0.08 -0.16 -0.06 1 -1 1356998634508
366.520767972 -493.862991419 30.2656285 120.1198086 0.45 -0.35 -0.03 1 -1 1356998635507
359.630603716 -484.802724456 30.2656297 120.1198071 0.71 -0.45 -0.06 1 -1 1356998636510
351.279188006 -473.963067547 30.2656312 120.1198053 0.92 -0.54 -0.09 1 -1 1356998637509
358.728993 -476.217483326 30.265633 120.1198034 1.06 -0.56 -0.14 1 -1 1356998638510
348.614440019 -464.819253388 30.2656351 120.1198017 1.14 -0.54 -0.08 1 -1 1356998639508
328.736747519 -443.722517778 30.2656396 120.1197987 1.29 -0.42 -0.07 1 -1 1356998640509
318.368587647 -433.639972831 30.2656422 120.1197974 1.37 -0.37 -0.09 1 -1 1356998641509
309.343059475 -425.303112781 30.2656449 120.1197963 1.43 -0.36 -0.05 1 -1 1356998642510
289.23393836 -407.488000518 30.2656506 120.1197943 1.43 -0.32 -0.05 1 -1 1356998643510
279.385235044 -398.719805218 30.2656535 120.1197933 1.4 -0.37 -0.04 1 -1 1356998644516
62.1042390037 -457.400114997 30.2657834 120.1198389 0.54 0.99 0.0 1 -1 1356998645508
63.0384711774 -486.344300021 30.2657848 120.1198446 0.37 1.09 0.01 1 -1 1356998646509
63.7597036801 -500.581503267 30.2657851 120.1198474 0.27 1.12 0.09 1 -1 1356998647509
64.7855441119 -516.725342421 30.2657854 120.1198505 0.2 1.09 0.04 1 -1 1356998648509
65.5870893483 -530.514924336 30.2657856 120.1198531 0.17 1.04 0.03 1 -1 1356998649511
66.2965481911 -543.452515282 30.2657859 120.1198556 0.15 0.99 0.04 1 -1 1356998650508
69.2306986716 -570.320274292 30.2657858 120.1198604 0.1 0.94 -0.1 1 -1 1356998651510
69.2306986716 -570.320274292 30.2657858 120.1198604 0.1 0.94 -0.1 1 -1 1356998652508
70.7286456083 -584.075650492 30.2657857 120.1198628 0.08 0.92 -0.05 1 -1 1356998653509
72.3967998243 -597.512374256 30.2657855 120.1198651 0.03 0.91 0.07 1 -1 1356998654509
77.3379763057 -621.844438937 30.2657847 120.1198697 -0.05 0.95 -0.05 1 -1 1356998655508
78.9014239153 -635.794049745 30.2657843 120.1198721 -0.08 0.91 -0.04 1 -1 1356998656509
80.9024000007 -650.050783952 30.2657839 120.1198744 -0.12 0.95 0.0 1 -1 1356998657507
83.4125700782 -665.246063776 30.2657832 120.1198769 -0.19 0.98 0.04 1 -1 1356998658509
88.8525869194 -697.036881167 30.2657816 120.1198819 -0.29 0.98 0.11 1 -1 1356998659508
91.680141585 -712.350395883 30.2657805 120.1198843 -0.32 0.95 0.1 1 -1 1356998660511
97.6091848211 -742.361011113 30.2657789 120.1198889 -0.21 0.93 0.05 1 -1 1356998661508
99.4391645323 -758.027220346 30.2657784 120.1198912 -0.14 0.93 0.05 1 -1 1356998662509
102.21057251 -789.767019684 30.265778 120.1198958 -0.06 1.0 0.05 1 -1 1356998663508
103.97453473 -807.441882306 30.2657778 120.1198983 -0.08 1.04 0.08 1 -1 1356998664510
106.002149065 -825.438259535 30.2657774 120.1199009 -0.09 1.02 0.02 1 -1 1356998665510
-50.6346380048 -262.089289318 30.2658678 120.1197916 1.08 -1.0 -0.02 -1 -1 1356998666509
-53.8327834216 -247.397209823 30.2658723 120.1197865 1.09 -1.01 -0.01 -1 -1 1356998667508
-55.5973259397 -240.330654721 30.2658745 120.1197839 1.08 -1.0 -0.03 -1 -1 1356998668509
-56.8354743076 -233.281460331 30.2658766 120.1197813 1.08 -1.0 0.03 -1 -1 1356998669509
-59.1373203261 -220.331019555 30.2658809 120.1197763 1.08 -0.95 -0.11 -1 -1 1356998670508
