1.0538973893 -1.80443969895 30.2642045 120.1187359 1356999799985
1.05915744023 -1.82322624049 30.2642046 120.1187361 1356999800987
1.04193999911 -1.79995134829 30.2642048 120.118736 1356999801988
0.760995840298 -1.29607104083 30.2642064 120.1187323 1356999802989
0.515207699894 -0.854050499846 30.2642077 120.1187284 1356999803987
0.265718400168 -0.425448000353 30.2642092 120.1187239 1356999804988
-0.162774399995 0.240600909986 30.2642128 120.1187142 1356999805988
-0.304483660346 0.438904540364 30.2642149 120.11871 1356999806987
-0.412637500072 0.583694500126 30.2642173 120.1187058 1356999807989
-0.47471749979 0.670301109929 30.2642198 120.1187022 1356999808988
-0.498769619943 0.72119391007 30.2642226 120.118699 1356999809987
-0.488890229953 0.744734340029 30.2642255 120.1186963 1356999810986
-0.379995840003 0.735864959911 30.2642322 120.1186913 1356999811987
-0.297140579748 0.706108260328 30.2642355 120.118689 1356999812987
-0.203783309935 0.661460580236 30.2642387 120.1186867 1356999813990
-0.113475779985 0.615520140011 30.2642415 120.1186848 1356999814988
-0.017536349812 0.568177740034 30.2642443 120.1186831 1356999815988
0.13493914001 0.50779728976 30.2642486 120.1186812 1356999816987
0.198850960125 0.486474670325 30.2642504 120.1186806 1356999817987
0.244079910072 0.481085039808 30.2642517 120.1186805 1356999818988
0.274457040121 0.485577840103 30.2642526 120.1186807 1356999819989
0.289977930121 0.503094240259 30.2642531 120.1186813 1356999820987
0.270864140116 0.572586219704 30.2642527 120.1186836 1356999821987
0.239788300164 0.624800500136 30.2642519 120.1186854 1356999822987
0.202062500128 0.679062500173 30.2642509 120.1186874 1356999823988
0.158079390155 0.735553080248 30.2642497 120.1186897 1356999824988
0.11640866004 0.777106459948 30.2642485 120.1186916 1356999825988
0.0150121000139 0.831670340003 30.2642453 120.1186946 1356999826988
-0.0351997199733 0.847726589841 30.2642436 120.1186958 1356999827987
-0.0351997199733 0.847726589841 30.2642436 120.1186958 1356999828987
-0.144012959861 0.864077760135 30.2642396 120.1186981 1356999829989
-0.190014460055 0.864431979918 30.2642377 120.1186992 1356999830988
-0.265250859829 0.850290140043 30.2642341 120.1187012 1356999831987
-0.297712499979 0.835976699998 30.2642323 120.118702 1356999832987
-0.321809940068 0.819360060015 30.2642307 120.1187028 1356999833989
-0.34117824002 0.800456640085 30.2642292 120.1187035 1356999834986
-0.35894291 0.75754802004 30.2642267 120.1187051 1356999835988
-0.361021440132 0.733324800148 30.2642256 120.1187059 1356999836986
-0.35846958002 0.704578140068 30.2642245 120.1187068 1356999837987
-0.347277059844 0.666966689898 30.2642234 120.118708 1356999838988
-0.327476799906 0.621328749924 30.2642224 120.1187094 1356999839988
-0.298956059776 0.563417189725 30.2642214 120.118711 1356999840986
-0.223816320177 0.420987840306 30.2642196 120.1187143 1356999841987
-0.173848139975 0.33219819 30.264219 120.1187162 1356999842989
-0.0708180099475 0.142713099914 30.2642185 120.1187199 1356999843989
-0.0113181499245 0.0234904998492 30.2642183 120.1187219 1356999844988
0.0557110397842 -0.119799679519 30.2642182 120.1187241 1356999845987
0.129009059897 -0.287492099765 30.2642181 120.1187264 1356999846985
0.223527599822 -0.514941359644 30.2642178 120.1187291 1356999847988
0.309115839424 -0.726535038546 30.2642174 120.1187313 1356999848986
0.500362649841 -1.22864849944 30.2642167 120.1187359 1356999849988
0.601518059432 -1.49538230856 30.2642162 120.118738 1356999850987
0.712993999652 -1.8046123991 30.2642158 120.1187403 1356999851988
0.826159300465 -2.11440770165 30.2642153 120.1187424 1356999852986
0.946117679723 -2.42481815948 30.2642146 120.1187443 1356999853987
1.17581695954 -3.02566911911 30.2642134 120.1187477 1356999854987
1.28711453957 -3.33921224902 30.264213 120.1187494 1356999855987
1.37921279924 -3.62043359729 30.2642128 120.1187509 1356999856987
1.54337280067 -4.19604480227 30.2642128 120.1187539 1356999857987
1.5965253597 -4.42809863949 30.264213 120.1187551 1356999858986
1.64982336043 -4.66753824181 30.2642132 120.1187563 1356999859987
1.69756249983 -4.89265625035 30.2642134 120.1187574 1356999860987
1.74534047964 -5.12414063916 30.2642136 120.1187585 1356999861987
1.78348016011 -5.37360256145 30.264214 120.1187597 1356999862987
1.80538015942 -5.61939519849 30.2642146 120.1187609 1356999863988
1.82395295948 -6.0988427094 30.264216 120.1187632 1356999864986
1.80953814043 -6.34640175233 30.264217 120.1187644 1356999865986
1.81452959912 -6.63983423705 30.2642178 120.1187657 1356999866988
1.80905886036 -6.93819126411 30.2642187 120.118767 1356999867987
1.79594604 -7.21941801087 30.2642196 120.1187682 1356999868988
1.78040754034 -7.50994950375 30.2642205 120.1187694 1356999869986
1.73345481988 -8.16978033932 30.2642225 120.118772 1356999870986
1.69618891058 -8.56937146337 30.2642237 120.1187735 1356999871986
1.6631299996 -8.98921764998 30.2642248 120.118775 1356999872987
1.60774591985 -9.35571296119 30.264226 120.1187763 1356999873987
1.57848263907 -9.84334679546 30.264227 120.1187779 1356999874988
1.54787975953 -10.3836933852 30.264228 120.1187796 1356999875987
1.53907199956 -11.0236031981 30.2642288 120.1187815 1356999876987
1.52440910974 -12.2367533975 30.2642301 120.1187849 1356999877989
